==76898== NVPROF is profiling process 76898, command: python3 ./sdfg_api_v4.py --repetitions=200 -M=1024 -N=1024 -K=8192 --double-buffering-shared --name=_1024_8192_1024_32 --precision=32 --shared-A-column
==76898== Profiling application: python3 ./sdfg_api_v4.py --repetitions=200 -M=1024 -N=1024 -K=8192 --double-buffering-shared --name=_1024_8192_1024_32 --precision=32 --shared-A-column
==76898== Profiling result:
"Start","Duration","Grid X","Grid Y","Grid Z","Block X","Block Y","Block Z","Registers Per Thread","Static SMem","Dynamic SMem","Size","Throughput","SrcMemType","DstMemType","Device","Context","Stream","Name","Correlation_ID"
s,ms,,,,,,,,KB,B,MB,GB/s,,,,,,,
0.362469,3.373123,,,,,,,,,,32.000000,9.264412,"Pageable","Device","Tesla V100-PCIE-32GB (0)","1","16","[CUDA memcpy HtoD]",443
0.365908,3.576194,,,,,,,,,,32.000000,8.738340,"Pageable","Device","Tesla V100-PCIE-32GB (0)","1","17","[CUDA memcpy HtoD]",444
0.369511,0.061247,32,1024,1,32,1,1,16,0.000000,0,,,,,"Tesla V100-PCIE-32GB (0)","1","16","initialize_matmul_result_1_0_1(float*, int, int)",447
0.369573,2.024495,8,32,1,128,1,1,112,10.000000,0,,,,,"Tesla V100-PCIE-32GB (0)","1","16","Thread_block_grid_1_1_3(float const *, float const *, float*, int, int, int)",448
0.371621,0.012320,,,,,,,,,,4.000000,317.065747,"Device","Device","Tesla V100-PCIE-32GB (0)","1","16","[CUDA memcpy DtoD]",450
0.371635,0.365437,,,,,,,,,,4.000000,10.689257,"Device","Pageable","Tesla V100-PCIE-32GB (0)","1","16","[CUDA memcpy DtoH]",451
0.499949,3.660833,,,,,,,,,,32.000000,8.536309,"Pageable","Device","Tesla V100-PCIE-32GB (0)","1","16","[CUDA memcpy HtoD]",461
0.503629,2.734249,,,,,,,,,,32.000000,11.429098,"Pageable","Device","Tesla V100-PCIE-32GB (0)","1","17","[CUDA memcpy HtoD]",462
0.506372,0.060256,32,1024,1,32,1,1,16,0.000000,0,,,,,"Tesla V100-PCIE-32GB (0)","1","16","initialize_matmul_result_1_0_1(float*, int, int)",465
0.506433,2.023599,8,32,1,128,1,1,112,10.000000,0,,,,,"Tesla V100-PCIE-32GB (0)","1","16","Thread_block_grid_1_1_3(float const *, float const *, float*, int, int, int)",466
0.508480,0.012064,,,,,,,,,,4.000000,323.793932,"Device","Device","Tesla V100-PCIE-32GB (0)","1","16","[CUDA memcpy DtoD]",468
0.508492,0.327997,,,,,,,,,,4.000000,11.909408,"Device","Pageable","Tesla V100-PCIE-32GB (0)","1","16","[CUDA memcpy DtoH]",469
0.636196,3.081350,,,,,,,,,,32.000000,10.141659,"Pageable","Device","Tesla V100-PCIE-32GB (0)","1","16","[CUDA memcpy HtoD]",479
0.639292,2.731401,,,,,,,,,,32.000000,11.441015,"Pageable","Device","Tesla V100-PCIE-32GB (0)","1","17","[CUDA memcpy HtoD]",480
0.642029,0.060383,32,1024,1,32,1,1,16,0.000000,0,,,,,"Tesla V100-PCIE-32GB (0)","1","16","initialize_matmul_result_1_0_1(float*, int, int)",483
0.642090,2.021136,8,32,1,128,1,1,112,10.000000,0,,,,,"Tesla V100-PCIE-32GB (0)","1","16","Thread_block_grid_1_1_3(float const *, float const *, float*, int, int, int)",484
0.644135,0.011488,,,,,,,,,,4.000000,340.028726,"Device","Device","Tesla V100-PCIE-32GB (0)","1","16","[CUDA memcpy DtoD]",486
0.644148,0.331069,,,,,,,,,,4.000000,11.798900,"Device","Pageable","Tesla V100-PCIE-32GB (0)","1","16","[CUDA memcpy DtoH]",487
0.771262,3.090406,,,,,,,,,,32.000000,10.111940,"Pageable","Device","Tesla V100-PCIE-32GB (0)","1","16","[CUDA memcpy HtoD]",497
0.774369,2.735913,,,,,,,,,,32.000000,11.422147,"Pageable","Device","Tesla V100-PCIE-32GB (0)","1","17","[CUDA memcpy HtoD]",498
0.777114,0.060352,32,1024,1,32,1,1,16,0.000000,0,,,,,"Tesla V100-PCIE-32GB (0)","1","16","initialize_matmul_result_1_0_1(float*, int, int)",501
0.777175,2.016943,8,32,1,128,1,1,112,10.000000,0,,,,,"Tesla V100-PCIE-32GB (0)","1","16","Thread_block_grid_1_1_3(float const *, float const *, float*, int, int, int)",502
0.779215,0.012160,,,,,,,,,,4.000000,321.237664,"Device","Device","Tesla V100-PCIE-32GB (0)","1","16","[CUDA memcpy DtoD]",504
0.779229,0.330622,,,,,,,,,,4.000000,11.814852,"Device","Pageable","Tesla V100-PCIE-32GB (0)","1","16","[CUDA memcpy DtoH]",505
0.909911,3.121062,,,,,,,,,,32.000000,10.012617,"Pageable","Device","Tesla V100-PCIE-32GB (0)","1","16","[CUDA memcpy HtoD]",515
0.913074,2.730985,,,,,,,,,,32.000000,11.442758,"Pageable","Device","Tesla V100-PCIE-32GB (0)","1","17","[CUDA memcpy HtoD]",516
0.915850,0.060384,32,1024,1,32,1,1,16,0.000000,0,,,,,"Tesla V100-PCIE-32GB (0)","1","16","initialize_matmul_result_1_0_1(float*, int, int)",519
0.915911,2.019471,8,32,1,128,1,1,112,10.000000,0,,,,,"Tesla V100-PCIE-32GB (0)","1","16","Thread_block_grid_1_1_3(float const *, float const *, float*, int, int, int)",520
0.917957,0.012224,,,,,,,,,,4.000000,319.555792,"Device","Device","Tesla V100-PCIE-32GB (0)","1","16","[CUDA memcpy DtoD]",522
0.917977,0.331390,,,,,,,,,,4.000000,11.787471,"Device","Pageable","Tesla V100-PCIE-32GB (0)","1","16","[CUDA memcpy DtoH]",523
1.045348,3.097542,,,,,,,,,,32.000000,10.088644,"Pageable","Device","Tesla V100-PCIE-32GB (0)","1","16","[CUDA memcpy HtoD]",533
1.048467,2.733673,,,,,,,,,,32.000000,11.431506,"Pageable","Device","Tesla V100-PCIE-32GB (0)","1","17","[CUDA memcpy HtoD]",534
1.051241,0.060223,32,1024,1,32,1,1,16,0.000000,0,,,,,"Tesla V100-PCIE-32GB (0)","1","16","initialize_matmul_result_1_0_1(float*, int, int)",537
1.051302,2.017776,8,32,1,128,1,1,112,10.000000,0,,,,,"Tesla V100-PCIE-32GB (0)","1","16","Thread_block_grid_1_1_3(float const *, float const *, float*, int, int, int)",538
1.053343,0.011520,,,,,,,,,,4.000000,339.084201,"Device","Device","Tesla V100-PCIE-32GB (0)","1","16","[CUDA memcpy DtoD]",540
1.053356,0.329278,,,,,,,,,,4.000000,11.863076,"Device","Pageable","Tesla V100-PCIE-32GB (0)","1","16","[CUDA memcpy DtoH]",541
1.180676,3.083846,,,,,,,,,,32.000000,10.133450,"Pageable","Device","Tesla V100-PCIE-32GB (0)","1","16","[CUDA memcpy HtoD]",551
1.183781,2.737065,,,,,,,,,,32.000000,11.417339,"Pageable","Device","Tesla V100-PCIE-32GB (0)","1","17","[CUDA memcpy HtoD]",552
1.186525,0.060223,32,1024,1,32,1,1,16,0.000000,0,,,,,"Tesla V100-PCIE-32GB (0)","1","16","initialize_matmul_result_1_0_1(float*, int, int)",555
1.186586,2.016271,8,32,1,128,1,1,112,10.000000,0,,,,,"Tesla V100-PCIE-32GB (0)","1","16","Thread_block_grid_1_1_3(float const *, float const *, float*, int, int, int)",556
1.188625,0.011200,,,,,,,,,,4.000000,348.772321,"Device","Device","Tesla V100-PCIE-32GB (0)","1","16","[CUDA memcpy DtoD]",558
1.188639,0.331229,,,,,,,,,,4.000000,11.793200,"Device","Pageable","Tesla V100-PCIE-32GB (0)","1","16","[CUDA memcpy DtoH]",559
1.315966,3.082790,,,,,,,,,,32.000000,10.136921,"Pageable","Device","Tesla V100-PCIE-32GB (0)","1","16","[CUDA memcpy HtoD]",569
1.319070,2.737385,,,,,,,,,,32.000000,11.416005,"Pageable","Device","Tesla V100-PCIE-32GB (0)","1","17","[CUDA memcpy HtoD]",570
1.321813,0.060512,32,1024,1,32,1,1,16,0.000000,0,,,,,"Tesla V100-PCIE-32GB (0)","1","16","initialize_matmul_result_1_0_1(float*, int, int)",573
1.321874,2.019311,8,32,1,128,1,1,112,10.000000,0,,,,,"Tesla V100-PCIE-32GB (0)","1","16","Thread_block_grid_1_1_3(float const *, float const *, float*, int, int, int)",574
1.323916,0.012096,,,,,,,,,,4.000000,322.937335,"Device","Device","Tesla V100-PCIE-32GB (0)","1","16","[CUDA memcpy DtoD]",576
1.323929,0.333245,,,,,,,,,,4.000000,11.721856,"Device","Pageable","Tesla V100-PCIE-32GB (0)","1","16","[CUDA memcpy DtoH]",577
1.451163,3.090151,,,,,,,,,,32.000000,10.112774,"Pageable","Device","Tesla V100-PCIE-32GB (0)","1","16","[CUDA memcpy HtoD]",587
1.454274,2.734985,,,,,,,,,,32.000000,11.426022,"Pageable","Device","Tesla V100-PCIE-32GB (0)","1","17","[CUDA memcpy HtoD]",588
1.457016,0.060575,32,1024,1,32,1,1,16,0.000000,0,,,,,"Tesla V100-PCIE-32GB (0)","1","16","initialize_matmul_result_1_0_1(float*, int, int)",591
1.457077,2.019695,8,32,1,128,1,1,112,10.000000,0,,,,,"Tesla V100-PCIE-32GB (0)","1","16","Thread_block_grid_1_1_3(float const *, float const *, float*, int, int, int)",592
1.459121,0.011936,,,,,,,,,,4.000000,327.266253,"Device","Device","Tesla V100-PCIE-32GB (0)","1","16","[CUDA memcpy DtoD]",594
1.459134,0.332253,,,,,,,,,,4.000000,11.756854,"Device","Pageable","Tesla V100-PCIE-32GB (0)","1","16","[CUDA memcpy DtoH]",595
1.586358,3.084966,,,,,,,,,,32.000000,10.129771,"Pageable","Device","Tesla V100-PCIE-32GB (0)","1","16","[CUDA memcpy HtoD]",605
1.589460,2.759785,,,,,,,,,,32.000000,11.323346,"Pageable","Device","Tesla V100-PCIE-32GB (0)","1","17","[CUDA memcpy HtoD]",606
1.592232,0.060447,32,1024,1,32,1,1,16,0.000000,0,,,,,"Tesla V100-PCIE-32GB (0)","1","16","initialize_matmul_result_1_0_1(float*, int, int)",609
1.592293,2.018159,8,32,1,128,1,1,112,10.000000,0,,,,,"Tesla V100-PCIE-32GB (0)","1","16","Thread_block_grid_1_1_3(float const *, float const *, float*, int, int, int)",610
1.594337,0.011904,,,,,,,,,,4.000000,328.146001,"Device","Device","Tesla V100-PCIE-32GB (0)","1","16","[CUDA memcpy DtoD]",612
1.594350,0.331133,,,,,,,,,,4.000000,11.796619,"Device","Pageable","Tesla V100-PCIE-32GB (0)","1","16","[CUDA memcpy DtoH]",613
1.721624,3.079878,,,,,,,,,,32.000000,10.146506,"Pageable","Device","Tesla V100-PCIE-32GB (0)","1","16","[CUDA memcpy HtoD]",623
1.724722,2.737673,,,,,,,,,,32.000000,11.414804,"Pageable","Device","Tesla V100-PCIE-32GB (0)","1","17","[CUDA memcpy HtoD]",624
1.727464,0.060287,32,1024,1,32,1,1,16,0.000000,0,,,,,"Tesla V100-PCIE-32GB (0)","1","16","initialize_matmul_result_1_0_1(float*, int, int)",627
1.727525,2.017424,8,32,1,128,1,1,112,10.000000,0,,,,,"Tesla V100-PCIE-32GB (0)","1","16","Thread_block_grid_1_1_3(float const *, float const *, float*, int, int, int)",628
1.729565,0.012159,,,,,,,,,,4.000000,321.264084,"Device","Device","Tesla V100-PCIE-32GB (0)","1","16","[CUDA memcpy DtoD]",630
1.729578,0.333341,,,,,,,,,,4.000000,11.718480,"Device","Pageable","Tesla V100-PCIE-32GB (0)","1","16","[CUDA memcpy DtoH]",631
1.856938,3.104870,,,,,,,,,,32.000000,10.064834,"Pageable","Device","Tesla V100-PCIE-32GB (0)","1","16","[CUDA memcpy HtoD]",641
1.860063,2.755721,,,,,,,,,,32.000000,11.340045,"Pageable","Device","Tesla V100-PCIE-32GB (0)","1","17","[CUDA memcpy HtoD]",642
1.862823,0.060288,32,1024,1,32,1,1,16,0.000000,0,,,,,"Tesla V100-PCIE-32GB (0)","1","16","initialize_matmul_result_1_0_1(float*, int, int)",645
1.862884,2.019631,8,32,1,128,1,1,112,10.000000,0,,,,,"Tesla V100-PCIE-32GB (0)","1","16","Thread_block_grid_1_1_3(float const *, float const *, float*, int, int, int)",646
1.864925,0.012512,,,,,,,,,,4.000000,312.200288,"Device","Device","Tesla V100-PCIE-32GB (0)","1","16","[CUDA memcpy DtoD]",648
1.864939,0.328062,,,,,,,,,,4.000000,11.907048,"Device","Pageable","Tesla V100-PCIE-32GB (0)","1","16","[CUDA memcpy DtoH]",649
1.992325,3.066502,,,,,,,,,,32.000000,10.190765,"Pageable","Device","Tesla V100-PCIE-32GB (0)","1","16","[CUDA memcpy HtoD]",659
1.995407,2.733418,,,,,,,,,,32.000000,11.432573,"Pageable","Device","Tesla V100-PCIE-32GB (0)","1","17","[CUDA memcpy HtoD]",660
1.998205,0.060512,32,1024,1,32,1,1,16,0.000000,0,,,,,"Tesla V100-PCIE-32GB (0)","1","16","initialize_matmul_result_1_0_1(float*, int, int)",663
1.998266,2.017199,8,32,1,128,1,1,112,10.000000,0,,,,,"Tesla V100-PCIE-32GB (0)","1","16","Thread_block_grid_1_1_3(float const *, float const *, float*, int, int, int)",664
2.000304,0.012000,,,,,,,,,,4.000000,325.520833,"Device","Device","Tesla V100-PCIE-32GB (0)","1","16","[CUDA memcpy DtoD]",666
2.000317,0.331454,,,,,,,,,,4.000000,11.785195,"Device","Pageable","Tesla V100-PCIE-32GB (0)","1","16","[CUDA memcpy DtoH]",667
2.127594,3.074502,,,,,,,,,,32.000000,10.164248,"Pageable","Device","Tesla V100-PCIE-32GB (0)","1","16","[CUDA memcpy HtoD]",677
2.130686,2.753193,,,,,,,,,,32.000000,11.350457,"Pageable","Device","Tesla V100-PCIE-32GB (0)","1","17","[CUDA memcpy HtoD]",678
2.133449,0.060288,32,1024,1,32,1,1,16,0.000000,0,,,,,"Tesla V100-PCIE-32GB (0)","1","16","initialize_matmul_result_1_0_1(float*, int, int)",681
2.133510,2.018191,8,32,1,128,1,1,112,10.000000,0,,,,,"Tesla V100-PCIE-32GB (0)","1","16","Thread_block_grid_1_1_3(float const *, float const *, float*, int, int, int)",682
2.135551,0.011776,,,,,,,,,,4.000000,331.712806,"Device","Device","Tesla V100-PCIE-32GB (0)","1","16","[CUDA memcpy DtoD]",684
2.135564,0.330686,,,,,,,,,,4.000000,11.812565,"Device","Pageable","Tesla V100-PCIE-32GB (0)","1","16","[CUDA memcpy DtoH]",685
2.262929,3.081127,,,,,,,,,,32.000000,10.142393,"Pageable","Device","Tesla V100-PCIE-32GB (0)","1","16","[CUDA memcpy HtoD]",695
2.266030,2.731978,,,,,,,,,,32.000000,11.438599,"Pageable","Device","Tesla V100-PCIE-32GB (0)","1","17","[CUDA memcpy HtoD]",696
2.268768,0.060287,32,1024,1,32,1,1,16,0.000000,0,,,,,"Tesla V100-PCIE-32GB (0)","1","16","initialize_matmul_result_1_0_1(float*, int, int)",699
2.268829,2.017263,8,32,1,128,1,1,112,10.000000,0,,,,,"Tesla V100-PCIE-32GB (0)","1","16","Thread_block_grid_1_1_3(float const *, float const *, float*, int, int, int)",700
2.270868,0.012000,,,,,,,,,,4.000000,325.520833,"Device","Device","Tesla V100-PCIE-32GB (0)","1","16","[CUDA memcpy DtoD]",702
2.270880,0.334045,,,,,,,,,,4.000000,11.693784,"Device","Pageable","Tesla V100-PCIE-32GB (0)","1","16","[CUDA memcpy DtoH]",703
2.398190,3.083238,,,,,,,,,,32.000000,10.135449,"Pageable","Device","Tesla V100-PCIE-32GB (0)","1","16","[CUDA memcpy HtoD]",713
2.401290,2.746377,,,,,,,,,,32.000000,11.378627,"Pageable","Device","Tesla V100-PCIE-32GB (0)","1","17","[CUDA memcpy HtoD]",714
2.404043,0.060640,32,1024,1,32,1,1,16,0.000000,0,,,,,"Tesla V100-PCIE-32GB (0)","1","16","initialize_matmul_result_1_0_1(float*, int, int)",717
2.404105,2.018799,8,32,1,128,1,1,112,10.000000,0,,,,,"Tesla V100-PCIE-32GB (0)","1","16","Thread_block_grid_1_1_3(float const *, float const *, float*, int, int, int)",718
2.406146,0.012448,,,,,,,,,,4.000000,313.805431,"Device","Device","Tesla V100-PCIE-32GB (0)","1","16","[CUDA memcpy DtoD]",720
2.406159,0.330461,,,,,,,,,,4.000000,11.820608,"Device","Pageable","Tesla V100-PCIE-32GB (0)","1","16","[CUDA memcpy DtoH]",721
2.533407,3.086471,,,,,,,,,,32.000000,10.124832,"Pageable","Device","Tesla V100-PCIE-32GB (0)","1","16","[CUDA memcpy HtoD]",731
2.536510,2.735690,,,,,,,,,,32.000000,11.423078,"Pageable","Device","Tesla V100-PCIE-32GB (0)","1","17","[CUDA memcpy HtoD]",732
2.539256,0.060480,32,1024,1,32,1,1,16,0.000000,0,,,,,"Tesla V100-PCIE-32GB (0)","1","16","initialize_matmul_result_1_0_1(float*, int, int)",735
2.539317,2.018351,8,32,1,128,1,1,112,10.000000,0,,,,,"Tesla V100-PCIE-32GB (0)","1","16","Thread_block_grid_1_1_3(float const *, float const *, float*, int, int, int)",736
2.541359,0.011776,,,,,,,,,,4.000000,331.712806,"Device","Device","Tesla V100-PCIE-32GB (0)","1","16","[CUDA memcpy DtoD]",738
2.541372,0.333693,,,,,,,,,,4.000000,11.706119,"Device","Pageable","Tesla V100-PCIE-32GB (0)","1","16","[CUDA memcpy DtoH]",739
2.668638,3.104741,,,,,,,,,,32.000000,10.065252,"Pageable","Device","Tesla V100-PCIE-32GB (0)","1","16","[CUDA memcpy HtoD]",749
2.671762,2.755593,,,,,,,,,,32.000000,11.340572,"Pageable","Device","Tesla V100-PCIE-32GB (0)","1","17","[CUDA memcpy HtoD]",750
2.674523,0.060448,32,1024,1,32,1,1,16,0.000000,0,,,,,"Tesla V100-PCIE-32GB (0)","1","16","initialize_matmul_result_1_0_1(float*, int, int)",753
2.674585,2.019439,8,32,1,128,1,1,112,10.000000,0,,,,,"Tesla V100-PCIE-32GB (0)","1","16","Thread_block_grid_1_1_3(float const *, float const *, float*, int, int, int)",754
2.676660,0.011872,,,,,,,,,,4.000000,329.030492,"Device","Device","Tesla V100-PCIE-32GB (0)","1","16","[CUDA memcpy DtoD]",756
2.676673,0.330494,,,,,,,,,,4.000000,11.819428,"Device","Pageable","Tesla V100-PCIE-32GB (0)","1","16","[CUDA memcpy DtoH]",757
2.803992,3.071334,,,,,,,,,,32.000000,10.174732,"Pageable","Device","Tesla V100-PCIE-32GB (0)","1","16","[CUDA memcpy HtoD]",767
2.807086,2.731305,,,,,,,,,,32.000000,11.441417,"Pageable","Device","Tesla V100-PCIE-32GB (0)","1","17","[CUDA memcpy HtoD]",768
2.809824,0.060255,32,1024,1,32,1,1,16,0.000000,0,,,,,"Tesla V100-PCIE-32GB (0)","1","16","initialize_matmul_result_1_0_1(float*, int, int)",771
2.809885,2.017584,8,32,1,128,1,1,112,10.000000,0,,,,,"Tesla V100-PCIE-32GB (0)","1","16","Thread_block_grid_1_1_3(float const *, float const *, float*, int, int, int)",772
2.811926,0.011968,,,,,,,,,,4.000000,326.391210,"Device","Device","Tesla V100-PCIE-32GB (0)","1","16","[CUDA memcpy DtoD]",774
2.811939,0.339453,,,,,,,,,,4.000000,11.507484,"Device","Pageable","Tesla V100-PCIE-32GB (0)","1","16","[CUDA memcpy DtoH]",775
2.939209,3.095494,,,,,,,,,,32.000000,10.095319,"Pageable","Device","Tesla V100-PCIE-32GB (0)","1","16","[CUDA memcpy HtoD]",785
2.942322,2.735177,,,,,,,,,,32.000000,11.425220,"Pageable","Device","Tesla V100-PCIE-32GB (0)","1","17","[CUDA memcpy HtoD]",786
2.945069,0.060255,32,1024,1,32,1,1,16,0.000000,0,,,,,"Tesla V100-PCIE-32GB (0)","1","16","initialize_matmul_result_1_0_1(float*, int, int)",789
2.945130,2.018032,8,32,1,128,1,1,112,10.000000,0,,,,,"Tesla V100-PCIE-32GB (0)","1","16","Thread_block_grid_1_1_3(float const *, float const *, float*, int, int, int)",790
2.947171,0.012512,,,,,,,,,,4.000000,312.200288,"Device","Device","Tesla V100-PCIE-32GB (0)","1","16","[CUDA memcpy DtoD]",792
2.947185,0.331773,,,,,,,,,,4.000000,11.773863,"Device","Pageable","Tesla V100-PCIE-32GB (0)","1","16","[CUDA memcpy DtoH]",793
3.074389,3.079430,,,,,,,,,,32.000000,10.147982,"Pageable","Device","Tesla V100-PCIE-32GB (0)","1","16","[CUDA memcpy HtoD]",803
3.077486,2.736425,,,,,,,,,,32.000000,11.420010,"Pageable","Device","Tesla V100-PCIE-32GB (0)","1","17","[CUDA memcpy HtoD]",804
3.080226,0.060479,32,1024,1,32,1,1,16,0.000000,0,,,,,"Tesla V100-PCIE-32GB (0)","1","16","initialize_matmul_result_1_0_1(float*, int, int)",807
3.080299,2.019791,8,32,1,128,1,1,112,10.000000,0,,,,,"Tesla V100-PCIE-32GB (0)","1","16","Thread_block_grid_1_1_3(float const *, float const *, float*, int, int, int)",808
3.082344,0.012192,,,,,,,,,,4.000000,320.394521,"Device","Device","Tesla V100-PCIE-32GB (0)","1","16","[CUDA memcpy DtoD]",810
3.082358,0.331453,,,,,,,,,,4.000000,11.785230,"Device","Pageable","Tesla V100-PCIE-32GB (0)","1","16","[CUDA memcpy DtoH]",811
3.209624,3.102438,,,,,,,,,,32.000000,10.072723,"Pageable","Device","Tesla V100-PCIE-32GB (0)","1","16","[CUDA memcpy HtoD]",821
3.212746,2.730889,,,,,,,,,,32.000000,11.443160,"Pageable","Device","Tesla V100-PCIE-32GB (0)","1","17","[CUDA memcpy HtoD]",822
3.215482,0.060383,32,1024,1,32,1,1,16,0.000000,0,,,,,"Tesla V100-PCIE-32GB (0)","1","16","initialize_matmul_result_1_0_1(float*, int, int)",825
3.215544,2.016879,8,32,1,128,1,1,112,10.000000,0,,,,,"Tesla V100-PCIE-32GB (0)","1","16","Thread_block_grid_1_1_3(float const *, float const *, float*, int, int, int)",826
3.217584,0.011840,,,,,,,,,,4.000000,329.919764,"Device","Device","Tesla V100-PCIE-32GB (0)","1","16","[CUDA memcpy DtoD]",828
3.217597,0.330717,,,,,,,,,,4.000000,11.811458,"Device","Pageable","Tesla V100-PCIE-32GB (0)","1","16","[CUDA memcpy DtoH]",829
3.345092,3.059462,,,,,,,,,,32.000000,10.214214,"Pageable","Device","Tesla V100-PCIE-32GB (0)","1","16","[CUDA memcpy HtoD]",839
3.348170,2.731978,,,,,,,,,,32.000000,11.438599,"Pageable","Device","Tesla V100-PCIE-32GB (0)","1","17","[CUDA memcpy HtoD]",840
3.350909,0.060256,32,1024,1,32,1,1,16,0.000000,0,,,,,"Tesla V100-PCIE-32GB (0)","1","16","initialize_matmul_result_1_0_1(float*, int, int)",843
3.350971,2.022415,8,32,1,128,1,1,112,10.000000,0,,,,,"Tesla V100-PCIE-32GB (0)","1","16","Thread_block_grid_1_1_3(float const *, float const *, float*, int, int, int)",844
3.353019,0.011744,,,,,,,,,,4.000000,332.616655,"Device","Device","Tesla V100-PCIE-32GB (0)","1","16","[CUDA memcpy DtoD]",846
3.353032,0.332061,,,,,,,,,,4.000000,11.763652,"Device","Pageable","Tesla V100-PCIE-32GB (0)","1","16","[CUDA memcpy DtoH]",847
3.480253,3.118310,,,,,,,,,,32.000000,10.021454,"Pageable","Device","Tesla V100-PCIE-32GB (0)","1","16","[CUDA memcpy HtoD]",857
3.483390,2.731146,,,,,,,,,,32.000000,11.442083,"Pageable","Device","Tesla V100-PCIE-32GB (0)","1","17","[CUDA memcpy HtoD]",858
3.486130,0.060255,32,1024,1,32,1,1,16,0.000000,0,,,,,"Tesla V100-PCIE-32GB (0)","1","16","initialize_matmul_result_1_0_1(float*, int, int)",861
3.486191,2.016847,8,32,1,128,1,1,112,10.000000,0,,,,,"Tesla V100-PCIE-32GB (0)","1","16","Thread_block_grid_1_1_3(float const *, float const *, float*, int, int, int)",862
3.488232,0.012160,,,,,,,,,,4.000000,321.237664,"Device","Device","Tesla V100-PCIE-32GB (0)","1","16","[CUDA memcpy DtoD]",864
3.488245,0.329309,,,,,,,,,,4.000000,11.861959,"Device","Pageable","Tesla V100-PCIE-32GB (0)","1","16","[CUDA memcpy DtoH]",865
3.615497,3.061702,,,,,,,,,,32.000000,10.206741,"Pageable","Device","Tesla V100-PCIE-32GB (0)","1","16","[CUDA memcpy HtoD]",875
3.618577,2.731657,,,,,,,,,,32.000000,11.439943,"Pageable","Device","Tesla V100-PCIE-32GB (0)","1","17","[CUDA memcpy HtoD]",876
3.621315,0.060288,32,1024,1,32,1,1,16,0.000000,0,,,,,"Tesla V100-PCIE-32GB (0)","1","16","initialize_matmul_result_1_0_1(float*, int, int)",879
3.621376,2.021038,8,32,1,128,1,1,112,10.000000,0,,,,,"Tesla V100-PCIE-32GB (0)","1","16","Thread_block_grid_1_1_3(float const *, float const *, float*, int, int, int)",880
3.623420,0.012192,,,,,,,,,,4.000000,320.394521,"Device","Device","Tesla V100-PCIE-32GB (0)","1","16","[CUDA memcpy DtoD]",882
3.623434,0.334461,,,,,,,,,,4.000000,11.679239,"Device","Pageable","Tesla V100-PCIE-32GB (0)","1","16","[CUDA memcpy DtoH]",883
3.750663,3.081414,,,,,,,,,,32.000000,10.141448,"Pageable","Device","Tesla V100-PCIE-32GB (0)","1","16","[CUDA memcpy HtoD]",893
3.753763,2.734922,,,,,,,,,,32.000000,11.426286,"Pageable","Device","Tesla V100-PCIE-32GB (0)","1","17","[CUDA memcpy HtoD]",894
3.756509,0.060480,32,1024,1,32,1,1,16,0.000000,0,,,,,"Tesla V100-PCIE-32GB (0)","1","16","initialize_matmul_result_1_0_1(float*, int, int)",897
3.756571,2.018671,8,32,1,128,1,1,112,10.000000,0,,,,,"Tesla V100-PCIE-32GB (0)","1","16","Thread_block_grid_1_1_3(float const *, float const *, float*, int, int, int)",898
3.758613,0.012416,,,,,,,,,,4.000000,314.614207,"Device","Device","Tesla V100-PCIE-32GB (0)","1","16","[CUDA memcpy DtoD]",900
3.758686,0.329853,,,,,,,,,,4.000000,11.842396,"Device","Pageable","Tesla V100-PCIE-32GB (0)","1","16","[CUDA memcpy DtoH]",901
3.885845,3.071910,,,,,,,,,,32.000000,10.172824,"Pageable","Device","Tesla V100-PCIE-32GB (0)","1","16","[CUDA memcpy HtoD]",911
3.888934,2.734249,,,,,,,,,,32.000000,11.429098,"Pageable","Device","Tesla V100-PCIE-32GB (0)","1","17","[CUDA memcpy HtoD]",912
3.891672,0.060256,32,1024,1,32,1,1,16,0.000000,0,,,,,"Tesla V100-PCIE-32GB (0)","1","16","initialize_matmul_result_1_0_1(float*, int, int)",915
3.891733,2.019087,8,32,1,128,1,1,112,10.000000,0,,,,,"Tesla V100-PCIE-32GB (0)","1","16","Thread_block_grid_1_1_3(float const *, float const *, float*, int, int, int)",916
3.893776,0.011584,,,,,,,,,,4.000000,337.210808,"Device","Device","Tesla V100-PCIE-32GB (0)","1","16","[CUDA memcpy DtoD]",918
3.893789,0.337917,,,,,,,,,,4.000000,11.559791,"Device","Pageable","Tesla V100-PCIE-32GB (0)","1","16","[CUDA memcpy DtoH]",919
4.020968,3.091494,,,,,,,,,,32.000000,10.108381,"Pageable","Device","Tesla V100-PCIE-32GB (0)","1","16","[CUDA memcpy HtoD]",929
4.024076,2.733449,,,,,,,,,,32.000000,11.432443,"Pageable","Device","Tesla V100-PCIE-32GB (0)","1","17","[CUDA memcpy HtoD]",930
4.026821,0.060191,32,1024,1,32,1,1,16,0.000000,0,,,,,"Tesla V100-PCIE-32GB (0)","1","16","initialize_matmul_result_1_0_1(float*, int, int)",933
4.026882,2.019184,8,32,1,128,1,1,112,10.000000,0,,,,,"Tesla V100-PCIE-32GB (0)","1","16","Thread_block_grid_1_1_3(float const *, float const *, float*, int, int, int)",934
4.028923,0.012064,,,,,,,,,,4.000000,323.793932,"Device","Device","Tesla V100-PCIE-32GB (0)","1","16","[CUDA memcpy DtoD]",936
4.028936,0.330909,,,,,,,,,,4.000000,11.804605,"Device","Pageable","Tesla V100-PCIE-32GB (0)","1","16","[CUDA memcpy DtoH]",937
4.156073,3.074982,,,,,,,,,,32.000000,10.162661,"Pageable","Device","Tesla V100-PCIE-32GB (0)","1","16","[CUDA memcpy HtoD]",947
4.159166,2.733353,,,,,,,,,,32.000000,11.432845,"Pageable","Device","Tesla V100-PCIE-32GB (0)","1","17","[CUDA memcpy HtoD]",948
4.161912,0.060352,32,1024,1,32,1,1,16,0.000000,0,,,,,"Tesla V100-PCIE-32GB (0)","1","16","initialize_matmul_result_1_0_1(float*, int, int)",951
4.161974,2.017807,8,32,1,128,1,1,112,10.000000,0,,,,,"Tesla V100-PCIE-32GB (0)","1","16","Thread_block_grid_1_1_3(float const *, float const *, float*, int, int, int)",952
4.164017,0.011744,,,,,,,,,,4.000000,332.616655,"Device","Device","Tesla V100-PCIE-32GB (0)","1","16","[CUDA memcpy DtoD]",954
4.164031,0.332029,,,,,,,,,,4.000000,11.764786,"Device","Pageable","Tesla V100-PCIE-32GB (0)","1","16","[CUDA memcpy DtoH]",955
4.292746,3.756385,,,,,,,,,,32.000000,8.319169,"Pageable","Device","Tesla V100-PCIE-32GB (0)","1","16","[CUDA memcpy HtoD]",965
4.296528,2.731209,,,,,,,,,,32.000000,11.441819,"Pageable","Device","Tesla V100-PCIE-32GB (0)","1","17","[CUDA memcpy HtoD]",966
4.299298,0.060256,32,1024,1,32,1,1,16,0.000000,0,,,,,"Tesla V100-PCIE-32GB (0)","1","16","initialize_matmul_result_1_0_1(float*, int, int)",969
4.299359,2.019695,8,32,1,128,1,1,112,10.000000,0,,,,,"Tesla V100-PCIE-32GB (0)","1","16","Thread_block_grid_1_1_3(float const *, float const *, float*, int, int, int)",970
4.301409,0.012096,,,,,,,,,,4.000000,322.937335,"Device","Device","Tesla V100-PCIE-32GB (0)","1","16","[CUDA memcpy DtoD]",972
4.301431,0.330397,,,,,,,,,,4.000000,11.822898,"Device","Pageable","Tesla V100-PCIE-32GB (0)","1","16","[CUDA memcpy DtoH]",973
4.430861,3.076870,,,,,,,,,,32.000000,10.156425,"Pageable","Device","Tesla V100-PCIE-32GB (0)","1","16","[CUDA memcpy HtoD]",983
4.433955,2.733513,,,,,,,,,,32.000000,11.432175,"Pageable","Device","Tesla V100-PCIE-32GB (0)","1","17","[CUDA memcpy HtoD]",984
4.436693,0.060544,32,1024,1,32,1,1,16,0.000000,0,,,,,"Tesla V100-PCIE-32GB (0)","1","16","initialize_matmul_result_1_0_1(float*, int, int)",987
4.436754,2.017359,8,32,1,128,1,1,112,10.000000,0,,,,,"Tesla V100-PCIE-32GB (0)","1","16","Thread_block_grid_1_1_3(float const *, float const *, float*, int, int, int)",988
4.438793,0.012608,,,,,,,,,,4.000000,309.823128,"Device","Device","Tesla V100-PCIE-32GB (0)","1","16","[CUDA memcpy DtoD]",990
4.438806,0.335293,,,,,,,,,,4.000000,11.650258,"Device","Pageable","Tesla V100-PCIE-32GB (0)","1","16","[CUDA memcpy DtoH]",991
4.565947,3.097254,,,,,,,,,,32.000000,10.089583,"Pageable","Device","Tesla V100-PCIE-32GB (0)","1","16","[CUDA memcpy HtoD]",1001
4.569083,2.741481,,,,,,,,,,32.000000,11.398948,"Pageable","Device","Tesla V100-PCIE-32GB (0)","1","17","[CUDA memcpy HtoD]",1002
4.571833,0.060415,32,1024,1,32,1,1,16,0.000000,0,,,,,"Tesla V100-PCIE-32GB (0)","1","16","initialize_matmul_result_1_0_1(float*, int, int)",1005
4.571895,2.018447,8,32,1,128,1,1,112,10.000000,0,,,,,"Tesla V100-PCIE-32GB (0)","1","16","Thread_block_grid_1_1_3(float const *, float const *, float*, int, int, int)",1006
4.573937,0.012160,,,,,,,,,,4.000000,321.237664,"Device","Device","Tesla V100-PCIE-32GB (0)","1","16","[CUDA memcpy DtoD]",1008
4.573950,0.327997,,,,,,,,,,4.000000,11.909408,"Device","Pageable","Tesla V100-PCIE-32GB (0)","1","16","[CUDA memcpy DtoH]",1009
4.701137,3.096870,,,,,,,,,,32.000000,10.090834,"Pageable","Device","Tesla V100-PCIE-32GB (0)","1","16","[CUDA memcpy HtoD]",1019
4.704251,2.732681,,,,,,,,,,32.000000,11.435656,"Pageable","Device","Tesla V100-PCIE-32GB (0)","1","17","[CUDA memcpy HtoD]",1020
4.706994,0.060256,32,1024,1,32,1,1,16,0.000000,0,,,,,"Tesla V100-PCIE-32GB (0)","1","16","initialize_matmul_result_1_0_1(float*, int, int)",1023
4.707055,2.018063,8,32,1,128,1,1,112,10.000000,0,,,,,"Tesla V100-PCIE-32GB (0)","1","16","Thread_block_grid_1_1_3(float const *, float const *, float*, int, int, int)",1024
4.709094,0.011999,,,,,,,,,,4.000000,325.547962,"Device","Device","Tesla V100-PCIE-32GB (0)","1","16","[CUDA memcpy DtoD]",1026
4.709107,0.331262,,,,,,,,,,4.000000,11.792026,"Device","Pageable","Tesla V100-PCIE-32GB (0)","1","16","[CUDA memcpy DtoH]",1027
4.837691,3.085734,,,,,,,,,,32.000000,10.127250,"Pageable","Device","Tesla V100-PCIE-32GB (0)","1","16","[CUDA memcpy HtoD]",1037
4.840794,2.748297,,,,,,,,,,32.000000,11.370678,"Pageable","Device","Tesla V100-PCIE-32GB (0)","1","17","[CUDA memcpy HtoD]",1038
4.843553,0.060352,32,1024,1,32,1,1,16,0.000000,0,,,,,"Tesla V100-PCIE-32GB (0)","1","16","initialize_matmul_result_1_0_1(float*, int, int)",1041
4.843614,2.018767,8,32,1,128,1,1,112,10.000000,0,,,,,"Tesla V100-PCIE-32GB (0)","1","16","Thread_block_grid_1_1_3(float const *, float const *, float*, int, int, int)",1042
4.845655,0.012000,,,,,,,,,,4.000000,325.520833,"Device","Device","Tesla V100-PCIE-32GB (0)","1","16","[CUDA memcpy DtoD]",1044
4.845668,0.331517,,,,,,,,,,4.000000,11.782955,"Device","Pageable","Tesla V100-PCIE-32GB (0)","1","16","[CUDA memcpy DtoH]",1045
4.973007,3.077894,,,,,,,,,,32.000000,10.153046,"Pageable","Device","Tesla V100-PCIE-32GB (0)","1","16","[CUDA memcpy HtoD]",1055
4.976102,2.734089,,,,,,,,,,32.000000,11.429767,"Pageable","Device","Tesla V100-PCIE-32GB (0)","1","17","[CUDA memcpy HtoD]",1056
4.978842,0.060256,32,1024,1,32,1,1,16,0.000000,0,,,,,"Tesla V100-PCIE-32GB (0)","1","16","initialize_matmul_result_1_0_1(float*, int, int)",1059
4.978903,2.020462,8,32,1,128,1,1,112,10.000000,0,,,,,"Tesla V100-PCIE-32GB (0)","1","16","Thread_block_grid_1_1_3(float const *, float const *, float*, int, int, int)",1060
4.980946,0.011616,,,,,,,,,,4.000000,336.281853,"Device","Device","Tesla V100-PCIE-32GB (0)","1","16","[CUDA memcpy DtoD]",1062
4.980958,0.331837,,,,,,,,,,4.000000,11.771593,"Device","Pageable","Tesla V100-PCIE-32GB (0)","1","16","[CUDA memcpy DtoH]",1063
5.108244,3.085766,,,,,,,,,,32.000000,10.127145,"Pageable","Device","Tesla V100-PCIE-32GB (0)","1","16","[CUDA memcpy HtoD]",1073
5.111345,2.751049,,,,,,,,,,32.000000,11.359303,"Pageable","Device","Tesla V100-PCIE-32GB (0)","1","17","[CUDA memcpy HtoD]",1074
5.114101,0.060415,32,1024,1,32,1,1,16,0.000000,0,,,,,"Tesla V100-PCIE-32GB (0)","1","16","initialize_matmul_result_1_0_1(float*, int, int)",1077
5.114162,2.019759,8,32,1,128,1,1,112,10.000000,0,,,,,"Tesla V100-PCIE-32GB (0)","1","16","Thread_block_grid_1_1_3(float const *, float const *, float*, int, int, int)",1078
5.116204,0.012480,,,,,,,,,,4.000000,313.000801,"Device","Device","Tesla V100-PCIE-32GB (0)","1","16","[CUDA memcpy DtoD]",1080
5.116217,0.327325,,,,,,,,,,4.000000,11.933858,"Device","Pageable","Tesla V100-PCIE-32GB (0)","1","16","[CUDA memcpy DtoH]",1081
5.243413,3.070534,,,,,,,,,,32.000000,10.177383,"Pageable","Device","Tesla V100-PCIE-32GB (0)","1","16","[CUDA memcpy HtoD]",1091
5.246501,2.734089,,,,,,,,,,32.000000,11.429767,"Pageable","Device","Tesla V100-PCIE-32GB (0)","1","17","[CUDA memcpy HtoD]",1092
5.249241,0.060255,32,1024,1,32,1,1,16,0.000000,0,,,,,"Tesla V100-PCIE-32GB (0)","1","16","initialize_matmul_result_1_0_1(float*, int, int)",1095
5.249302,2.016495,8,32,1,128,1,1,112,10.000000,0,,,,,"Tesla V100-PCIE-32GB (0)","1","16","Thread_block_grid_1_1_3(float const *, float const *, float*, int, int, int)",1096
5.251343,0.012352,,,,,,,,,,4.000000,316.244333,"Device","Device","Tesla V100-PCIE-32GB (0)","1","16","[CUDA memcpy DtoD]",1098
5.251356,0.332382,,,,,,,,,,4.000000,11.752291,"Device","Pageable","Tesla V100-PCIE-32GB (0)","1","16","[CUDA memcpy DtoH]",1099
5.378921,3.080551,,,,,,,,,,32.000000,10.144289,"Pageable","Device","Tesla V100-PCIE-32GB (0)","1","16","[CUDA memcpy HtoD]",1109
5.382043,2.731369,,,,,,,,,,32.000000,11.441149,"Pageable","Device","Tesla V100-PCIE-32GB (0)","1","17","[CUDA memcpy HtoD]",1110
5.384786,0.060288,32,1024,1,32,1,1,16,0.000000,0,,,,,"Tesla V100-PCIE-32GB (0)","1","16","initialize_matmul_result_1_0_1(float*, int, int)",1113
5.384847,2.018127,8,32,1,128,1,1,112,10.000000,0,,,,,"Tesla V100-PCIE-32GB (0)","1","16","Thread_block_grid_1_1_3(float const *, float const *, float*, int, int, int)",1114
5.386887,0.011584,,,,,,,,,,4.000000,337.210808,"Device","Device","Tesla V100-PCIE-32GB (0)","1","16","[CUDA memcpy DtoD]",1116
5.386900,0.332029,,,,,,,,,,4.000000,11.764786,"Device","Pageable","Tesla V100-PCIE-32GB (0)","1","16","[CUDA memcpy DtoH]",1117
5.514254,3.075846,,,,,,,,,,32.000000,10.159806,"Pageable","Device","Tesla V100-PCIE-32GB (0)","1","16","[CUDA memcpy HtoD]",1127
5.517348,2.731817,,,,,,,,,,32.000000,11.439273,"Pageable","Device","Tesla V100-PCIE-32GB (0)","1","17","[CUDA memcpy HtoD]",1128
5.520085,0.060224,32,1024,1,32,1,1,16,0.000000,0,,,,,"Tesla V100-PCIE-32GB (0)","1","16","initialize_matmul_result_1_0_1(float*, int, int)",1131
5.520146,2.018735,8,32,1,128,1,1,112,10.000000,0,,,,,"Tesla V100-PCIE-32GB (0)","1","16","Thread_block_grid_1_1_3(float const *, float const *, float*, int, int, int)",1132
5.522188,0.012288,,,,,,,,,,4.000000,317.891439,"Device","Device","Tesla V100-PCIE-32GB (0)","1","16","[CUDA memcpy DtoD]",1134
5.522201,0.330590,,,,,,,,,,4.000000,11.815996,"Device","Pageable","Tesla V100-PCIE-32GB (0)","1","16","[CUDA memcpy DtoH]",1135
5.649571,3.106630,,,,,,,,,,32.000000,10.059132,"Pageable","Device","Tesla V100-PCIE-32GB (0)","1","16","[CUDA memcpy HtoD]",1145
5.652693,2.734281,,,,,,,,,,32.000000,11.428964,"Pageable","Device","Tesla V100-PCIE-32GB (0)","1","17","[CUDA memcpy HtoD]",1146
5.655467,0.060223,32,1024,1,32,1,1,16,0.000000,0,,,,,"Tesla V100-PCIE-32GB (0)","1","16","initialize_matmul_result_1_0_1(float*, int, int)",1149
5.655528,2.016848,8,32,1,128,1,1,112,10.000000,0,,,,,"Tesla V100-PCIE-32GB (0)","1","16","Thread_block_grid_1_1_3(float const *, float const *, float*, int, int, int)",1150
5.657566,0.011648,,,,,,,,,,4.000000,335.358001,"Device","Device","Tesla V100-PCIE-32GB (0)","1","16","[CUDA memcpy DtoD]",1152
5.657579,0.330525,,,,,,,,,,4.000000,11.818319,"Device","Pageable","Tesla V100-PCIE-32GB (0)","1","16","[CUDA memcpy DtoH]",1153
5.784921,3.070855,,,,,,,,,,32.000000,10.176319,"Pageable","Device","Tesla V100-PCIE-32GB (0)","1","16","[CUDA memcpy HtoD]",1163
5.788008,2.732073,,,,,,,,,,32.000000,11.438201,"Pageable","Device","Tesla V100-PCIE-32GB (0)","1","17","[CUDA memcpy HtoD]",1164
5.790751,0.060415,32,1024,1,32,1,1,16,0.000000,0,,,,,"Tesla V100-PCIE-32GB (0)","1","16","initialize_matmul_result_1_0_1(float*, int, int)",1167
5.790813,2.018479,8,32,1,128,1,1,112,10.000000,0,,,,,"Tesla V100-PCIE-32GB (0)","1","16","Thread_block_grid_1_1_3(float const *, float const *, float*, int, int, int)",1168
5.792853,0.011456,,,,,,,,,,4.000000,340.978527,"Device","Device","Tesla V100-PCIE-32GB (0)","1","16","[CUDA memcpy DtoD]",1170
5.792865,0.351805,,,,,,,,,,4.000000,11.103452,"Device","Pageable","Tesla V100-PCIE-32GB (0)","1","16","[CUDA memcpy DtoH]",1171
5.920067,3.104870,,,,,,,,,,32.000000,10.064834,"Pageable","Device","Tesla V100-PCIE-32GB (0)","1","16","[CUDA memcpy HtoD]",1181
5.923192,2.731433,,,,,,,,,,32.000000,11.440881,"Pageable","Device","Tesla V100-PCIE-32GB (0)","1","17","[CUDA memcpy HtoD]",1182
5.925927,0.060288,32,1024,1,32,1,1,16,0.000000,0,,,,,"Tesla V100-PCIE-32GB (0)","1","16","initialize_matmul_result_1_0_1(float*, int, int)",1185
5.925989,2.017615,8,32,1,128,1,1,112,10.000000,0,,,,,"Tesla V100-PCIE-32GB (0)","1","16","Thread_block_grid_1_1_3(float const *, float const *, float*, int, int, int)",1186
5.928031,0.012351,,,,,,,,,,4.000000,316.269938,"Device","Device","Tesla V100-PCIE-32GB (0)","1","16","[CUDA memcpy DtoD]",1188
5.928044,0.330078,,,,,,,,,,4.000000,11.834324,"Device","Pageable","Tesla V100-PCIE-32GB (0)","1","16","[CUDA memcpy DtoH]",1189
6.055269,3.068679,,,,,,,,,,32.000000,10.183535,"Pageable","Device","Tesla V100-PCIE-32GB (0)","1","16","[CUDA memcpy HtoD]",1199
6.058356,2.737065,,,,,,,,,,32.000000,11.417339,"Pageable","Device","Tesla V100-PCIE-32GB (0)","1","17","[CUDA memcpy HtoD]",1200
6.061099,0.060543,32,1024,1,32,1,1,16,0.000000,0,,,,,"Tesla V100-PCIE-32GB (0)","1","16","initialize_matmul_result_1_0_1(float*, int, int)",1203
6.061161,2.016559,8,32,1,128,1,1,112,10.000000,0,,,,,"Tesla V100-PCIE-32GB (0)","1","16","Thread_block_grid_1_1_3(float const *, float const *, float*, int, int, int)",1204
6.063200,0.011648,,,,,,,,,,4.000000,335.358001,"Device","Device","Tesla V100-PCIE-32GB (0)","1","16","[CUDA memcpy DtoD]",1206
6.063212,0.330717,,,,,,,,,,4.000000,11.811458,"Device","Pageable","Tesla V100-PCIE-32GB (0)","1","16","[CUDA memcpy DtoH]",1207
6.190223,3.554946,,,,,,,,,,32.000000,8.790570,"Pageable","Device","Tesla V100-PCIE-32GB (0)","1","16","[CUDA memcpy HtoD]",1217
6.193798,2.730441,,,,,,,,,,32.000000,11.445038,"Pageable","Device","Tesla V100-PCIE-32GB (0)","1","17","[CUDA memcpy HtoD]",1218
6.196532,0.060320,32,1024,1,32,1,1,16,0.000000,0,,,,,"Tesla V100-PCIE-32GB (0)","1","16","initialize_matmul_result_1_0_1(float*, int, int)",1221
6.196593,2.021103,8,32,1,128,1,1,112,10.000000,0,,,,,"Tesla V100-PCIE-32GB (0)","1","16","Thread_block_grid_1_1_3(float const *, float const *, float*, int, int, int)",1222
6.198638,0.012128,,,,,,,,,,4.000000,322.085257,"Device","Device","Tesla V100-PCIE-32GB (0)","1","16","[CUDA memcpy DtoD]",1224
6.198651,0.331165,,,,,,,,,,4.000000,11.795480,"Device","Pageable","Tesla V100-PCIE-32GB (0)","1","16","[CUDA memcpy DtoH]",1225
6.325839,3.326180,,,,,,,,,,32.000000,9.395162,"Pageable","Device","Tesla V100-PCIE-32GB (0)","1","16","[CUDA memcpy HtoD]",1235
6.329187,2.739593,,,,,,,,,,32.000000,11.406804,"Pageable","Device","Tesla V100-PCIE-32GB (0)","1","17","[CUDA memcpy HtoD]",1236
6.331935,0.060511,32,1024,1,32,1,1,16,0.000000,0,,,,,"Tesla V100-PCIE-32GB (0)","1","16","initialize_matmul_result_1_0_1(float*, int, int)",1239
6.331996,2.018544,8,32,1,128,1,1,112,10.000000,0,,,,,"Tesla V100-PCIE-32GB (0)","1","16","Thread_block_grid_1_1_3(float const *, float const *, float*, int, int, int)",1240
6.334040,0.012415,,,,,,,,,,4.000000,314.639549,"Device","Device","Tesla V100-PCIE-32GB (0)","1","16","[CUDA memcpy DtoD]",1242
6.334053,0.330493,,,,,,,,,,4.000000,11.819464,"Device","Pageable","Tesla V100-PCIE-32GB (0)","1","16","[CUDA memcpy DtoH]",1243
6.462949,3.085510,,,,,,,,,,32.000000,10.127985,"Pageable","Device","Tesla V100-PCIE-32GB (0)","1","16","[CUDA memcpy HtoD]",1253
6.466058,2.735913,,,,,,,,,,32.000000,11.422147,"Pageable","Device","Tesla V100-PCIE-32GB (0)","1","17","[CUDA memcpy HtoD]",1254
6.468804,0.060512,32,1024,1,32,1,1,16,0.000000,0,,,,,"Tesla V100-PCIE-32GB (0)","1","16","initialize_matmul_result_1_0_1(float*, int, int)",1257
6.468865,2.020047,8,32,1,128,1,1,112,10.000000,0,,,,,"Tesla V100-PCIE-32GB (0)","1","16","Thread_block_grid_1_1_3(float const *, float const *, float*, int, int, int)",1258
6.470909,0.011712,,,,,,,,,,4.000000,333.525444,"Device","Device","Tesla V100-PCIE-32GB (0)","1","16","[CUDA memcpy DtoD]",1260
6.470921,0.337501,,,,,,,,,,4.000000,11.574040,"Device","Pageable","Tesla V100-PCIE-32GB (0)","1","16","[CUDA memcpy DtoH]",1261
6.616883,4.483003,,,,,,,,,,32.000000,6.970774,"Pageable","Device","Tesla V100-PCIE-32GB (0)","1","16","[CUDA memcpy HtoD]",1271
6.621439,3.506627,,,,,,,,,,32.000000,8.911698,"Pageable","Device","Tesla V100-PCIE-32GB (0)","1","17","[CUDA memcpy HtoD]",1272
6.624957,0.060287,32,1024,1,32,1,1,16,0.000000,0,,,,,"Tesla V100-PCIE-32GB (0)","1","16","initialize_matmul_result_1_0_1(float*, int, int)",1275
6.625018,2.016783,8,32,1,128,1,1,112,10.000000,0,,,,,"Tesla V100-PCIE-32GB (0)","1","16","Thread_block_grid_1_1_3(float const *, float const *, float*, int, int, int)",1276
6.627059,0.011776,,,,,,,,,,4.000000,331.712806,"Device","Device","Tesla V100-PCIE-32GB (0)","1","16","[CUDA memcpy DtoD]",1278
6.627073,0.372477,,,,,,,,,,4.000000,10.487225,"Device","Pageable","Tesla V100-PCIE-32GB (0)","1","16","[CUDA memcpy DtoH]",1279
6.758429,3.155077,,,,,,,,,,32.000000,9.904671,"Pageable","Device","Tesla V100-PCIE-32GB (0)","1","16","[CUDA memcpy HtoD]",1289
6.761588,2.733418,,,,,,,,,,32.000000,11.432573,"Pageable","Device","Tesla V100-PCIE-32GB (0)","1","17","[CUDA memcpy HtoD]",1290
6.764340,0.060448,32,1024,1,32,1,1,16,0.000000,0,,,,,"Tesla V100-PCIE-32GB (0)","1","16","initialize_matmul_result_1_0_1(float*, int, int)",1293
6.764401,2.017392,8,32,1,128,1,1,112,10.000000,0,,,,,"Tesla V100-PCIE-32GB (0)","1","16","Thread_block_grid_1_1_3(float const *, float const *, float*, int, int, int)",1294
6.766446,0.011648,,,,,,,,,,4.000000,335.358001,"Device","Device","Tesla V100-PCIE-32GB (0)","1","16","[CUDA memcpy DtoD]",1296
6.766459,0.330749,,,,,,,,,,4.000000,11.810315,"Device","Pageable","Tesla V100-PCIE-32GB (0)","1","16","[CUDA memcpy DtoH]",1297
6.896337,2.978312,,,,,,,,,,32.000000,10.492521,"Pageable","Device","Tesla V100-PCIE-32GB (0)","1","16","[CUDA memcpy HtoD]",1307
6.899320,2.732905,,,,,,,,,,32.000000,11.434719,"Pageable","Device","Tesla V100-PCIE-32GB (0)","1","17","[CUDA memcpy HtoD]",1308
6.902059,0.060223,32,1024,1,32,1,1,16,0.000000,0,,,,,"Tesla V100-PCIE-32GB (0)","1","16","initialize_matmul_result_1_0_1(float*, int, int)",1311
6.902120,2.021871,8,32,1,128,1,1,112,10.000000,0,,,,,"Tesla V100-PCIE-32GB (0)","1","16","Thread_block_grid_1_1_3(float const *, float const *, float*, int, int, int)",1312
6.904173,0.012352,,,,,,,,,,4.000000,316.244333,"Device","Device","Tesla V100-PCIE-32GB (0)","1","16","[CUDA memcpy DtoD]",1314
6.904191,0.347901,,,,,,,,,,4.000000,11.228051,"Device","Pageable","Tesla V100-PCIE-32GB (0)","1","16","[CUDA memcpy DtoH]",1315
7.036510,3.157766,,,,,,,,,,32.000000,9.896237,"Pageable","Device","Tesla V100-PCIE-32GB (0)","1","16","[CUDA memcpy HtoD]",1325
7.039672,2.733705,,,,,,,,,,32.000000,11.431372,"Pageable","Device","Tesla V100-PCIE-32GB (0)","1","17","[CUDA memcpy HtoD]",1326
7.042414,0.060255,32,1024,1,32,1,1,16,0.000000,0,,,,,"Tesla V100-PCIE-32GB (0)","1","16","initialize_matmul_result_1_0_1(float*, int, int)",1329
7.042475,2.018127,8,32,1,128,1,1,112,10.000000,0,,,,,"Tesla V100-PCIE-32GB (0)","1","16","Thread_block_grid_1_1_3(float const *, float const *, float*, int, int, int)",1330
7.044516,0.011712,,,,,,,,,,4.000000,333.525444,"Device","Device","Tesla V100-PCIE-32GB (0)","1","16","[CUDA memcpy DtoD]",1332
7.044531,0.330909,,,,,,,,,,4.000000,11.804605,"Device","Pageable","Tesla V100-PCIE-32GB (0)","1","16","[CUDA memcpy DtoH]",1333
7.174051,2.775049,,,,,,,,,,32.000000,11.261062,"Pageable","Device","Tesla V100-PCIE-32GB (0)","1","16","[CUDA memcpy HtoD]",1343
7.176834,2.856936,,,,,,,,,,32.000000,10.938292,"Pageable","Device","Tesla V100-PCIE-32GB (0)","1","17","[CUDA memcpy HtoD]",1344
7.179703,0.060255,32,1024,1,32,1,1,16,0.000000,0,,,,,"Tesla V100-PCIE-32GB (0)","1","16","initialize_matmul_result_1_0_1(float*, int, int)",1347
7.179764,2.016624,8,32,1,128,1,1,112,10.000000,0,,,,,"Tesla V100-PCIE-32GB (0)","1","16","Thread_block_grid_1_1_3(float const *, float const *, float*, int, int, int)",1348
7.181805,0.012032,,,,,,,,,,4.000000,324.655086,"Device","Device","Tesla V100-PCIE-32GB (0)","1","16","[CUDA memcpy DtoD]",1350
7.181820,0.355069,,,,,,,,,,4.000000,11.001383,"Device","Pageable","Tesla V100-PCIE-32GB (0)","1","16","[CUDA memcpy DtoH]",1351
7.310668,3.198117,,,,,,,,,,32.000000,9.771375,"Pageable","Device","Tesla V100-PCIE-32GB (0)","1","16","[CUDA memcpy HtoD]",1361
7.313870,2.733193,,,,,,,,,,32.000000,11.433514,"Pageable","Device","Tesla V100-PCIE-32GB (0)","1","17","[CUDA memcpy HtoD]",1362
7.316612,0.060319,32,1024,1,32,1,1,16,0.000000,0,,,,,"Tesla V100-PCIE-32GB (0)","1","16","initialize_matmul_result_1_0_1(float*, int, int)",1365
7.316674,2.020239,8,32,1,128,1,1,112,10.000000,0,,,,,"Tesla V100-PCIE-32GB (0)","1","16","Thread_block_grid_1_1_3(float const *, float const *, float*, int, int, int)",1366
7.318719,0.011808,,,,,,,,,,4.000000,330.813855,"Device","Device","Tesla V100-PCIE-32GB (0)","1","16","[CUDA memcpy DtoD]",1368
7.318734,0.330589,,,,,,,,,,4.000000,11.816031,"Device","Pageable","Tesla V100-PCIE-32GB (0)","1","16","[CUDA memcpy DtoH]",1369
7.448135,3.160166,,,,,,,,,,32.000000,9.888721,"Pageable","Device","Tesla V100-PCIE-32GB (0)","1","16","[CUDA memcpy HtoD]",1379
7.451299,2.732553,,,,,,,,,,32.000000,11.436192,"Pageable","Device","Tesla V100-PCIE-32GB (0)","1","17","[CUDA memcpy HtoD]",1380
7.454040,0.060319,32,1024,1,32,1,1,16,0.000000,0,,,,,"Tesla V100-PCIE-32GB (0)","1","16","initialize_matmul_result_1_0_1(float*, int, int)",1383
7.454101,2.020335,8,32,1,128,1,1,112,10.000000,0,,,,,"Tesla V100-PCIE-32GB (0)","1","16","Thread_block_grid_1_1_3(float const *, float const *, float*, int, int, int)",1384
7.456145,0.011936,,,,,,,,,,4.000000,327.266253,"Device","Device","Tesla V100-PCIE-32GB (0)","1","16","[CUDA memcpy DtoD]",1386
7.456240,0.333406,,,,,,,,,,4.000000,11.716196,"Device","Pageable","Tesla V100-PCIE-32GB (0)","1","16","[CUDA memcpy DtoH]",1387
7.585024,2.863017,,,,,,,,,,32.000000,10.915059,"Pageable","Device","Tesla V100-PCIE-32GB (0)","1","16","[CUDA memcpy HtoD]",1397
7.587901,2.733322,,,,,,,,,,32.000000,11.432974,"Pageable","Device","Tesla V100-PCIE-32GB (0)","1","17","[CUDA memcpy HtoD]",1398
7.590645,0.060287,32,1024,1,32,1,1,16,0.000000,0,,,,,"Tesla V100-PCIE-32GB (0)","1","16","initialize_matmul_result_1_0_1(float*, int, int)",1401
7.590706,2.020495,8,32,1,128,1,1,112,10.000000,0,,,,,"Tesla V100-PCIE-32GB (0)","1","16","Thread_block_grid_1_1_3(float const *, float const *, float*, int, int, int)",1402
7.592753,0.012064,,,,,,,,,,4.000000,323.793932,"Device","Device","Tesla V100-PCIE-32GB (0)","1","16","[CUDA memcpy DtoD]",1404
7.592769,0.333757,,,,,,,,,,4.000000,11.703874,"Device","Pageable","Tesla V100-PCIE-32GB (0)","1","16","[CUDA memcpy DtoH]",1405
7.722188,2.751081,,,,,,,,,,32.000000,11.359171,"Pageable","Device","Tesla V100-PCIE-32GB (0)","1","16","[CUDA memcpy HtoD]",1415
7.724942,2.732073,,,,,,,,,,32.000000,11.438201,"Pageable","Device","Tesla V100-PCIE-32GB (0)","1","17","[CUDA memcpy HtoD]",1416
7.727681,0.060288,32,1024,1,32,1,1,16,0.000000,0,,,,,"Tesla V100-PCIE-32GB (0)","1","16","initialize_matmul_result_1_0_1(float*, int, int)",1419
7.727743,2.020207,8,32,1,128,1,1,112,10.000000,0,,,,,"Tesla V100-PCIE-32GB (0)","1","16","Thread_block_grid_1_1_3(float const *, float const *, float*, int, int, int)",1420
7.729787,0.012832,,,,,,,,,,4.000000,304.414744,"Device","Device","Tesla V100-PCIE-32GB (0)","1","16","[CUDA memcpy DtoD]",1422
7.729802,0.339165,,,,,,,,,,4.000000,11.517256,"Device","Pageable","Tesla V100-PCIE-32GB (0)","1","16","[CUDA memcpy DtoH]",1423
7.859267,3.419523,,,,,,,,,,32.000000,9.138702,"Pageable","Device","Tesla V100-PCIE-32GB (0)","1","16","[CUDA memcpy HtoD]",1433
7.862691,2.733962,,,,,,,,,,32.000000,11.430298,"Pageable","Device","Tesla V100-PCIE-32GB (0)","1","17","[CUDA memcpy HtoD]",1434
7.865429,0.060319,32,1024,1,32,1,1,16,0.000000,0,,,,,"Tesla V100-PCIE-32GB (0)","1","16","initialize_matmul_result_1_0_1(float*, int, int)",1437
7.865490,2.022191,8,32,1,128,1,1,112,10.000000,0,,,,,"Tesla V100-PCIE-32GB (0)","1","16","Thread_block_grid_1_1_3(float const *, float const *, float*, int, int, int)",1438
7.867536,0.011776,,,,,,,,,,4.000000,331.712806,"Device","Device","Tesla V100-PCIE-32GB (0)","1","16","[CUDA memcpy DtoD]",1440
7.867552,0.330653,,,,,,,,,,4.000000,11.813744,"Device","Pageable","Tesla V100-PCIE-32GB (0)","1","16","[CUDA memcpy DtoH]",1441
7.996604,2.765865,,,,,,,,,,32.000000,11.298455,"Pageable","Device","Tesla V100-PCIE-32GB (0)","1","16","[CUDA memcpy HtoD]",1451
7.999378,2.732553,,,,,,,,,,32.000000,11.436192,"Pageable","Device","Tesla V100-PCIE-32GB (0)","1","17","[CUDA memcpy HtoD]",1452
8.002121,0.060255,32,1024,1,32,1,1,16,0.000000,0,,,,,"Tesla V100-PCIE-32GB (0)","1","16","initialize_matmul_result_1_0_1(float*, int, int)",1455
8.002183,2.021935,8,32,1,128,1,1,112,10.000000,0,,,,,"Tesla V100-PCIE-32GB (0)","1","16","Thread_block_grid_1_1_3(float const *, float const *, float*, int, int, int)",1456
8.004228,0.011648,,,,,,,,,,4.000000,335.358001,"Device","Device","Tesla V100-PCIE-32GB (0)","1","16","[CUDA memcpy DtoD]",1458
8.004243,0.331101,,,,,,,,,,4.000000,11.797760,"Device","Pageable","Tesla V100-PCIE-32GB (0)","1","16","[CUDA memcpy DtoH]",1459
8.133228,3.433796,,,,,,,,,,32.000000,9.100715,"Pageable","Device","Tesla V100-PCIE-32GB (0)","1","16","[CUDA memcpy HtoD]",1469
8.136665,2.731946,,,,,,,,,,32.000000,11.438733,"Pageable","Device","Tesla V100-PCIE-32GB (0)","1","17","[CUDA memcpy HtoD]",1470
8.139406,0.060287,32,1024,1,32,1,1,16,0.000000,0,,,,,"Tesla V100-PCIE-32GB (0)","1","16","initialize_matmul_result_1_0_1(float*, int, int)",1473
8.139467,2.018159,8,32,1,128,1,1,112,10.000000,0,,,,,"Tesla V100-PCIE-32GB (0)","1","16","Thread_block_grid_1_1_3(float const *, float const *, float*, int, int, int)",1474
8.141511,0.011552,,,,,,,,,,4.000000,338.144910,"Device","Device","Tesla V100-PCIE-32GB (0)","1","16","[CUDA memcpy DtoD]",1476
8.141526,0.331357,,,,,,,,,,4.000000,11.788645,"Device","Pageable","Tesla V100-PCIE-32GB (0)","1","16","[CUDA memcpy DtoH]",1477
8.270507,3.187749,,,,,,,,,,32.000000,9.803156,"Pageable","Device","Tesla V100-PCIE-32GB (0)","1","16","[CUDA memcpy HtoD]",1487
8.273699,2.732426,,,,,,,,,,32.000000,11.436723,"Pageable","Device","Tesla V100-PCIE-32GB (0)","1","17","[CUDA memcpy HtoD]",1488
8.276436,0.060575,32,1024,1,32,1,1,16,0.000000,0,,,,,"Tesla V100-PCIE-32GB (0)","1","16","initialize_matmul_result_1_0_1(float*, int, int)",1491
8.276497,2.020752,8,32,1,128,1,1,112,10.000000,0,,,,,"Tesla V100-PCIE-32GB (0)","1","16","Thread_block_grid_1_1_3(float const *, float const *, float*, int, int, int)",1492
8.278542,0.011776,,,,,,,,,,4.000000,331.712806,"Device","Device","Tesla V100-PCIE-32GB (0)","1","16","[CUDA memcpy DtoD]",1494
8.278557,0.339773,,,,,,,,,,4.000000,11.496646,"Device","Pageable","Tesla V100-PCIE-32GB (0)","1","16","[CUDA memcpy DtoH]",1495
8.406996,2.990471,,,,,,,,,,32.000000,10.449859,"Pageable","Device","Tesla V100-PCIE-32GB (0)","1","16","[CUDA memcpy HtoD]",1505
8.409991,2.735689,,,,,,,,,,32.000000,11.423082,"Pageable","Device","Tesla V100-PCIE-32GB (0)","1","17","[CUDA memcpy HtoD]",1506
8.412732,0.060224,32,1024,1,32,1,1,16,0.000000,0,,,,,"Tesla V100-PCIE-32GB (0)","1","16","initialize_matmul_result_1_0_1(float*, int, int)",1509
8.412793,2.018990,8,32,1,128,1,1,112,10.000000,0,,,,,"Tesla V100-PCIE-32GB (0)","1","16","Thread_block_grid_1_1_3(float const *, float const *, float*, int, int, int)",1510
8.414836,0.012256,,,,,,,,,,4.000000,318.721443,"Device","Device","Tesla V100-PCIE-32GB (0)","1","16","[CUDA memcpy DtoD]",1512
8.414850,0.335453,,,,,,,,,,4.000000,11.644701,"Device","Pageable","Tesla V100-PCIE-32GB (0)","1","16","[CUDA memcpy DtoH]",1513
8.543956,2.766473,,,,,,,,,,32.000000,11.295971,"Pageable","Device","Tesla V100-PCIE-32GB (0)","1","16","[CUDA memcpy HtoD]",1523
8.546726,2.733641,,,,,,,,,,32.000000,11.431640,"Pageable","Device","Tesla V100-PCIE-32GB (0)","1","17","[CUDA memcpy HtoD]",1524
8.549465,0.060256,32,1024,1,32,1,1,16,0.000000,0,,,,,"Tesla V100-PCIE-32GB (0)","1","16","initialize_matmul_result_1_0_1(float*, int, int)",1527
8.549526,2.024175,8,32,1,128,1,1,112,10.000000,0,,,,,"Tesla V100-PCIE-32GB (0)","1","16","Thread_block_grid_1_1_3(float const *, float const *, float*, int, int, int)",1528
8.551576,0.011712,,,,,,,,,,4.000000,333.525444,"Device","Device","Tesla V100-PCIE-32GB (0)","1","16","[CUDA memcpy DtoD]",1530
8.551590,0.333117,,,,,,,,,,4.000000,11.726360,"Device","Pageable","Tesla V100-PCIE-32GB (0)","1","16","[CUDA memcpy DtoH]",1531
8.680166,3.462148,,,,,,,,,,32.000000,9.026188,"Pageable","Device","Tesla V100-PCIE-32GB (0)","1","16","[CUDA memcpy HtoD]",1541
8.683632,2.733097,,,,,,,,,,32.000000,11.433915,"Pageable","Device","Tesla V100-PCIE-32GB (0)","1","17","[CUDA memcpy HtoD]",1542
8.686375,0.060223,32,1024,1,32,1,1,16,0.000000,0,,,,,"Tesla V100-PCIE-32GB (0)","1","16","initialize_matmul_result_1_0_1(float*, int, int)",1545
8.686436,2.018735,8,32,1,128,1,1,112,10.000000,0,,,,,"Tesla V100-PCIE-32GB (0)","1","16","Thread_block_grid_1_1_3(float const *, float const *, float*, int, int, int)",1546
8.688478,0.012512,,,,,,,,,,4.000000,312.200288,"Device","Device","Tesla V100-PCIE-32GB (0)","1","16","[CUDA memcpy DtoD]",1548
8.688492,0.330941,,,,,,,,,,4.000000,11.803463,"Device","Pageable","Tesla V100-PCIE-32GB (0)","1","16","[CUDA memcpy DtoH]",1549
8.817407,2.778601,,,,,,,,,,32.000000,11.246667,"Pageable","Device","Tesla V100-PCIE-32GB (0)","1","16","[CUDA memcpy HtoD]",1559
8.820192,2.738793,,,,,,,,,,32.000000,11.410136,"Pageable","Device","Tesla V100-PCIE-32GB (0)","1","17","[CUDA memcpy HtoD]",1560
8.822937,0.060735,32,1024,1,32,1,1,16,0.000000,0,,,,,"Tesla V100-PCIE-32GB (0)","1","16","initialize_matmul_result_1_0_1(float*, int, int)",1563
8.822999,2.019727,8,32,1,128,1,1,112,10.000000,0,,,,,"Tesla V100-PCIE-32GB (0)","1","16","Thread_block_grid_1_1_3(float const *, float const *, float*, int, int, int)",1564
8.825042,0.012064,,,,,,,,,,4.000000,323.793932,"Device","Device","Tesla V100-PCIE-32GB (0)","1","16","[CUDA memcpy DtoD]",1566
8.825057,0.332701,,,,,,,,,,4.000000,11.741023,"Device","Pageable","Tesla V100-PCIE-32GB (0)","1","16","[CUDA memcpy DtoH]",1567
8.954927,3.002247,,,,,,,,,,32.000000,10.408870,"Pageable","Device","Tesla V100-PCIE-32GB (0)","1","16","[CUDA memcpy HtoD]",1577
8.957933,2.732969,,,,,,,,,,32.000000,11.434451,"Pageable","Device","Tesla V100-PCIE-32GB (0)","1","17","[CUDA memcpy HtoD]",1578
8.960675,0.060416,32,1024,1,32,1,1,16,0.000000,0,,,,,"Tesla V100-PCIE-32GB (0)","1","16","initialize_matmul_result_1_0_1(float*, int, int)",1581
8.960736,2.017455,8,32,1,128,1,1,112,10.000000,0,,,,,"Tesla V100-PCIE-32GB (0)","1","16","Thread_block_grid_1_1_3(float const *, float const *, float*, int, int, int)",1582
8.962778,0.012320,,,,,,,,,,4.000000,317.065747,"Device","Device","Tesla V100-PCIE-32GB (0)","1","16","[CUDA memcpy DtoD]",1584
8.962793,0.332734,,,,,,,,,,4.000000,11.739858,"Device","Pageable","Tesla V100-PCIE-32GB (0)","1","16","[CUDA memcpy DtoH]",1585
9.091359,3.175494,,,,,,,,,,32.000000,9.840989,"Pageable","Device","Tesla V100-PCIE-32GB (0)","1","16","[CUDA memcpy HtoD]",1595
9.094538,2.732169,,,,,,,,,,32.000000,11.437799,"Pageable","Device","Tesla V100-PCIE-32GB (0)","1","17","[CUDA memcpy HtoD]",1596
9.097280,0.060447,32,1024,1,32,1,1,16,0.000000,0,,,,,"Tesla V100-PCIE-32GB (0)","1","16","initialize_matmul_result_1_0_1(float*, int, int)",1599
9.097342,2.020303,8,32,1,128,1,1,112,10.000000,0,,,,,"Tesla V100-PCIE-32GB (0)","1","16","Thread_block_grid_1_1_3(float const *, float const *, float*, int, int, int)",1600
9.099386,0.012192,,,,,,,,,,4.000000,320.394521,"Device","Device","Tesla V100-PCIE-32GB (0)","1","16","[CUDA memcpy DtoD]",1602
9.099399,0.333885,,,,,,,,,,4.000000,11.699388,"Device","Pageable","Tesla V100-PCIE-32GB (0)","1","16","[CUDA memcpy DtoH]",1603
9.228264,3.021831,,,,,,,,,,32.000000,10.341412,"Pageable","Device","Tesla V100-PCIE-32GB (0)","1","16","[CUDA memcpy HtoD]",1613
9.231293,2.734473,,,,,,,,,,32.000000,11.428162,"Pageable","Device","Tesla V100-PCIE-32GB (0)","1","17","[CUDA memcpy HtoD]",1614
9.234038,0.060256,32,1024,1,32,1,1,16,0.000000,0,,,,,"Tesla V100-PCIE-32GB (0)","1","16","initialize_matmul_result_1_0_1(float*, int, int)",1617
9.234100,2.021711,8,32,1,128,1,1,112,10.000000,0,,,,,"Tesla V100-PCIE-32GB (0)","1","16","Thread_block_grid_1_1_3(float const *, float const *, float*, int, int, int)",1618
9.236145,0.012672,,,,,,,,,,4.000000,308.258365,"Device","Device","Tesla V100-PCIE-32GB (0)","1","16","[CUDA memcpy DtoD]",1620
9.236160,0.329630,,,,,,,,,,4.000000,11.850408,"Device","Pageable","Tesla V100-PCIE-32GB (0)","1","16","[CUDA memcpy DtoH]",1621
9.368253,3.069095,,,,,,,,,,32.000000,10.182155,"Pageable","Device","Tesla V100-PCIE-32GB (0)","1","16","[CUDA memcpy HtoD]",1631
9.371452,3.180773,,,,,,,,,,32.000000,9.824656,"Pageable","Device","Tesla V100-PCIE-32GB (0)","1","17","[CUDA memcpy HtoD]",1632
9.374649,0.060448,32,1024,1,32,1,1,16,0.000000,0,,,,,"Tesla V100-PCIE-32GB (0)","1","16","initialize_matmul_result_1_0_1(float*, int, int)",1635
9.374710,2.020015,8,32,1,128,1,1,112,10.000000,0,,,,,"Tesla V100-PCIE-32GB (0)","1","16","Thread_block_grid_1_1_3(float const *, float const *, float*, int, int, int)",1636
9.376759,0.011871,,,,,,,,,,4.000000,329.058209,"Device","Device","Tesla V100-PCIE-32GB (0)","1","16","[CUDA memcpy DtoD]",1638
9.376779,0.338141,,,,,,,,,,4.000000,11.552134,"Device","Pageable","Tesla V100-PCIE-32GB (0)","1","16","[CUDA memcpy DtoH]",1639
9.505543,3.007239,,,,,,,,,,32.000000,10.391592,"Pageable","Device","Tesla V100-PCIE-32GB (0)","1","16","[CUDA memcpy HtoD]",1649
9.508565,2.732490,,,,,,,,,,32.000000,11.436455,"Pageable","Device","Tesla V100-PCIE-32GB (0)","1","17","[CUDA memcpy HtoD]",1650
9.511302,0.060287,32,1024,1,32,1,1,16,0.000000,0,,,,,"Tesla V100-PCIE-32GB (0)","1","16","initialize_matmul_result_1_0_1(float*, int, int)",1653
9.511363,2.021167,8,32,1,128,1,1,112,10.000000,0,,,,,"Tesla V100-PCIE-32GB (0)","1","16","Thread_block_grid_1_1_3(float const *, float const *, float*, int, int, int)",1654
9.513413,0.011776,,,,,,,,,,4.000000,331.712806,"Device","Device","Tesla V100-PCIE-32GB (0)","1","16","[CUDA memcpy DtoD]",1656
9.513428,0.332221,,,,,,,,,,4.000000,11.757986,"Device","Pageable","Tesla V100-PCIE-32GB (0)","1","16","[CUDA memcpy DtoH]",1657
9.643468,2.760329,,,,,,,,,,32.000000,11.321114,"Pageable","Device","Tesla V100-PCIE-32GB (0)","1","16","[CUDA memcpy HtoD]",1667
9.646239,2.741609,,,,,,,,,,32.000000,11.398416,"Pageable","Device","Tesla V100-PCIE-32GB (0)","1","17","[CUDA memcpy HtoD]",1668
9.648990,0.060256,32,1024,1,32,1,1,16,0.000000,0,,,,,"Tesla V100-PCIE-32GB (0)","1","16","initialize_matmul_result_1_0_1(float*, int, int)",1671
9.649052,2.018863,8,32,1,128,1,1,112,10.000000,0,,,,,"Tesla V100-PCIE-32GB (0)","1","16","Thread_block_grid_1_1_3(float const *, float const *, float*, int, int, int)",1672
9.651095,0.011616,,,,,,,,,,4.000000,336.281853,"Device","Device","Tesla V100-PCIE-32GB (0)","1","16","[CUDA memcpy DtoD]",1674
9.651110,0.333086,,,,,,,,,,4.000000,11.727452,"Device","Pageable","Tesla V100-PCIE-32GB (0)","1","16","[CUDA memcpy DtoH]",1675
9.779445,3.513507,,,,,,,,,,32.000000,8.894247,"Pageable","Device","Tesla V100-PCIE-32GB (0)","1","16","[CUDA memcpy HtoD]",1685
9.782962,2.733065,,,,,,,,,,32.000000,11.434049,"Pageable","Device","Tesla V100-PCIE-32GB (0)","1","17","[CUDA memcpy HtoD]",1686
9.785703,0.060255,32,1024,1,32,1,1,16,0.000000,0,,,,,"Tesla V100-PCIE-32GB (0)","1","16","initialize_matmul_result_1_0_1(float*, int, int)",1689
9.785765,2.020656,8,32,1,128,1,1,112,10.000000,0,,,,,"Tesla V100-PCIE-32GB (0)","1","16","Thread_block_grid_1_1_3(float const *, float const *, float*, int, int, int)",1690
9.787809,0.011967,,,,,,,,,,4.000000,326.418484,"Device","Device","Tesla V100-PCIE-32GB (0)","1","16","[CUDA memcpy DtoD]",1692
9.787824,0.334813,,,,,,,,,,4.000000,11.666960,"Device","Pageable","Tesla V100-PCIE-32GB (0)","1","16","[CUDA memcpy DtoH]",1693
9.917331,2.766569,,,,,,,,,,32.000000,11.295579,"Pageable","Device","Tesla V100-PCIE-32GB (0)","1","16","[CUDA memcpy HtoD]",1703
9.920102,2.736745,,,,,,,,,,32.000000,11.418674,"Pageable","Device","Tesla V100-PCIE-32GB (0)","1","17","[CUDA memcpy HtoD]",1704
9.922850,0.060287,32,1024,1,32,1,1,16,0.000000,0,,,,,"Tesla V100-PCIE-32GB (0)","1","16","initialize_matmul_result_1_0_1(float*, int, int)",1707
9.922911,2.019056,8,32,1,128,1,1,112,10.000000,0,,,,,"Tesla V100-PCIE-32GB (0)","1","16","Thread_block_grid_1_1_3(float const *, float const *, float*, int, int, int)",1708
9.924954,0.011872,,,,,,,,,,4.000000,329.030492,"Device","Device","Tesla V100-PCIE-32GB (0)","1","16","[CUDA memcpy DtoD]",1710
9.924968,0.330429,,,,,,,,,,4.000000,11.821753,"Device","Pageable","Tesla V100-PCIE-32GB (0)","1","16","[CUDA memcpy DtoH]",1711
10.054356,2.785257,,,,,,,,,,32.000000,11.219790,"Pageable","Device","Tesla V100-PCIE-32GB (0)","1","16","[CUDA memcpy HtoD]",1721
10.057150,2.880008,,,,,,,,,,32.000000,10.850664,"Pageable","Device","Tesla V100-PCIE-32GB (0)","1","17","[CUDA memcpy HtoD]",1722
10.060038,0.060287,32,1024,1,32,1,1,16,0.000000,0,,,,,"Tesla V100-PCIE-32GB (0)","1","16","initialize_matmul_result_1_0_1(float*, int, int)",1725
10.060099,2.017583,8,32,1,128,1,1,112,10.000000,0,,,,,"Tesla V100-PCIE-32GB (0)","1","16","Thread_block_grid_1_1_3(float const *, float const *, float*, int, int, int)",1726
10.062144,0.011968,,,,,,,,,,4.000000,326.391210,"Device","Device","Tesla V100-PCIE-32GB (0)","1","16","[CUDA memcpy DtoD]",1728
10.062158,0.329341,,,,,,,,,,4.000000,11.860807,"Device","Pageable","Tesla V100-PCIE-32GB (0)","1","16","[CUDA memcpy DtoH]",1729
10.191014,2.790857,,,,,,,,,,32.000000,11.197277,"Pageable","Device","Tesla V100-PCIE-32GB (0)","1","16","[CUDA memcpy HtoD]",1739
10.193808,2.733161,,,,,,,,,,32.000000,11.433648,"Pageable","Device","Tesla V100-PCIE-32GB (0)","1","17","[CUDA memcpy HtoD]",1740
10.196548,0.060512,32,1024,1,32,1,1,16,0.000000,0,,,,,"Tesla V100-PCIE-32GB (0)","1","16","initialize_matmul_result_1_0_1(float*, int, int)",1743
10.196610,2.017743,8,32,1,128,1,1,112,10.000000,0,,,,,"Tesla V100-PCIE-32GB (0)","1","16","Thread_block_grid_1_1_3(float const *, float const *, float*, int, int, int)",1744
10.198651,0.011776,,,,,,,,,,4.000000,331.712806,"Device","Device","Tesla V100-PCIE-32GB (0)","1","16","[CUDA memcpy DtoD]",1746
10.198665,0.331390,,,,,,,,,,4.000000,11.787471,"Device","Pageable","Tesla V100-PCIE-32GB (0)","1","16","[CUDA memcpy DtoH]",1747
10.336854,3.165477,,,,,,,,,,32.000000,9.872130,"Pageable","Device","Tesla V100-PCIE-32GB (0)","1","16","[CUDA memcpy HtoD]",1757
10.340023,2.732330,,,,,,,,,,32.000000,11.437125,"Pageable","Device","Tesla V100-PCIE-32GB (0)","1","17","[CUDA memcpy HtoD]",1758
10.342767,0.060224,32,1024,1,32,1,1,16,0.000000,0,,,,,"Tesla V100-PCIE-32GB (0)","1","16","initialize_matmul_result_1_0_1(float*, int, int)",1761
10.342828,2.018863,8,32,1,128,1,1,112,10.000000,0,,,,,"Tesla V100-PCIE-32GB (0)","1","16","Thread_block_grid_1_1_3(float const *, float const *, float*, int, int, int)",1762
10.344871,0.012064,,,,,,,,,,4.000000,323.793932,"Device","Device","Tesla V100-PCIE-32GB (0)","1","16","[CUDA memcpy DtoD]",1764
10.344886,0.332093,,,,,,,,,,4.000000,11.762518,"Device","Pageable","Tesla V100-PCIE-32GB (0)","1","16","[CUDA memcpy DtoH]",1765
10.473819,2.864424,,,,,,,,,,32.000000,10.909698,"Pageable","Device","Tesla V100-PCIE-32GB (0)","1","16","[CUDA memcpy HtoD]",1775
10.476692,2.734025,,,,,,,,,,32.000000,11.430034,"Pageable","Device","Tesla V100-PCIE-32GB (0)","1","17","[CUDA memcpy HtoD]",1776
10.479434,0.060255,32,1024,1,32,1,1,16,0.000000,0,,,,,"Tesla V100-PCIE-32GB (0)","1","16","initialize_matmul_result_1_0_1(float*, int, int)",1779
10.479495,2.017455,8,32,1,128,1,1,112,10.000000,0,,,,,"Tesla V100-PCIE-32GB (0)","1","16","Thread_block_grid_1_1_3(float const *, float const *, float*, int, int, int)",1780
10.481537,0.011712,,,,,,,,,,4.000000,333.525444,"Device","Device","Tesla V100-PCIE-32GB (0)","1","16","[CUDA memcpy DtoD]",1782
10.481551,0.331485,,,,,,,,,,4.000000,11.784093,"Device","Pageable","Tesla V100-PCIE-32GB (0)","1","16","[CUDA memcpy DtoH]",1783
10.611803,2.786088,,,,,,,,,,32.000000,11.216444,"Pageable","Device","Tesla V100-PCIE-32GB (0)","1","16","[CUDA memcpy HtoD]",1793
10.614593,2.733098,,,,,,,,,,32.000000,11.433911,"Pageable","Device","Tesla V100-PCIE-32GB (0)","1","17","[CUDA memcpy HtoD]",1794
10.617334,0.060224,32,1024,1,32,1,1,16,0.000000,0,,,,,"Tesla V100-PCIE-32GB (0)","1","16","initialize_matmul_result_1_0_1(float*, int, int)",1797
10.617395,2.019439,8,32,1,128,1,1,112,10.000000,0,,,,,"Tesla V100-PCIE-32GB (0)","1","16","Thread_block_grid_1_1_3(float const *, float const *, float*, int, int, int)",1798
10.619438,0.011680,,,,,,,,,,4.000000,334.439212,"Device","Device","Tesla V100-PCIE-32GB (0)","1","16","[CUDA memcpy DtoD]",1800
10.619453,0.330525,,,,,,,,,,4.000000,11.818319,"Device","Pageable","Tesla V100-PCIE-32GB (0)","1","16","[CUDA memcpy DtoH]",1801
10.747854,3.044871,,,,,,,,,,32.000000,10.263161,"Pageable","Device","Tesla V100-PCIE-32GB (0)","1","16","[CUDA memcpy HtoD]",1811
10.750903,2.732969,,,,,,,,,,32.000000,11.434451,"Pageable","Device","Tesla V100-PCIE-32GB (0)","1","17","[CUDA memcpy HtoD]",1812
10.753640,0.060255,32,1024,1,32,1,1,16,0.000000,0,,,,,"Tesla V100-PCIE-32GB (0)","1","16","initialize_matmul_result_1_0_1(float*, int, int)",1815
10.753701,2.016655,8,32,1,128,1,1,112,10.000000,0,,,,,"Tesla V100-PCIE-32GB (0)","1","16","Thread_block_grid_1_1_3(float const *, float const *, float*, int, int, int)",1816
10.755742,0.011904,,,,,,,,,,4.000000,328.146001,"Device","Device","Tesla V100-PCIE-32GB (0)","1","16","[CUDA memcpy DtoD]",1818
10.755756,0.332829,,,,,,,,,,4.000000,11.736507,"Device","Pageable","Tesla V100-PCIE-32GB (0)","1","16","[CUDA memcpy DtoH]",1819
10.896261,3.406532,,,,,,,,,,32.000000,9.173552,"Pageable","Device","Tesla V100-PCIE-32GB (0)","1","16","[CUDA memcpy HtoD]",1829
10.899685,2.733897,,,,,,,,,,32.000000,11.430570,"Pageable","Device","Tesla V100-PCIE-32GB (0)","1","17","[CUDA memcpy HtoD]",1830
10.902422,0.060447,32,1024,1,32,1,1,16,0.000000,0,,,,,"Tesla V100-PCIE-32GB (0)","1","16","initialize_matmul_result_1_0_1(float*, int, int)",1833
10.902484,2.018543,8,32,1,128,1,1,112,10.000000,0,,,,,"Tesla V100-PCIE-32GB (0)","1","16","Thread_block_grid_1_1_3(float const *, float const *, float*, int, int, int)",1834
10.904527,0.011776,,,,,,,,,,4.000000,331.712806,"Device","Device","Tesla V100-PCIE-32GB (0)","1","16","[CUDA memcpy DtoD]",1836
10.904547,0.365789,,,,,,,,,,4.000000,10.678971,"Device","Pageable","Tesla V100-PCIE-32GB (0)","1","16","[CUDA memcpy DtoH]",1837
11.035436,3.100038,,,,,,,,,,32.000000,10.080522,"Pageable","Device","Tesla V100-PCIE-32GB (0)","1","16","[CUDA memcpy HtoD]",1847
11.038556,2.734537,,,,,,,,,,32.000000,11.427894,"Pageable","Device","Tesla V100-PCIE-32GB (0)","1","17","[CUDA memcpy HtoD]",1848
11.041299,0.060256,32,1024,1,32,1,1,16,0.000000,0,,,,,"Tesla V100-PCIE-32GB (0)","1","16","initialize_matmul_result_1_0_1(float*, int, int)",1851
11.041361,2.018031,8,32,1,128,1,1,112,10.000000,0,,,,,"Tesla V100-PCIE-32GB (0)","1","16","Thread_block_grid_1_1_3(float const *, float const *, float*, int, int, int)",1852
11.043404,0.012000,,,,,,,,,,4.000000,325.520833,"Device","Device","Tesla V100-PCIE-32GB (0)","1","16","[CUDA memcpy DtoD]",1854
11.043418,0.367645,,,,,,,,,,4.000000,10.625059,"Device","Pageable","Tesla V100-PCIE-32GB (0)","1","16","[CUDA memcpy DtoH]",1855
11.174419,3.355940,,,,,,,,,,32.000000,9.311847,"Pageable","Device","Tesla V100-PCIE-32GB (0)","1","16","[CUDA memcpy HtoD]",1865
11.177795,2.733609,,,,,,,,,,32.000000,11.431774,"Pageable","Device","Tesla V100-PCIE-32GB (0)","1","17","[CUDA memcpy HtoD]",1866
11.180532,0.060256,32,1024,1,32,1,1,16,0.000000,0,,,,,"Tesla V100-PCIE-32GB (0)","1","16","initialize_matmul_result_1_0_1(float*, int, int)",1869
11.180593,2.017807,8,32,1,128,1,1,112,10.000000,0,,,,,"Tesla V100-PCIE-32GB (0)","1","16","Thread_block_grid_1_1_3(float const *, float const *, float*, int, int, int)",1870
11.182642,0.011968,,,,,,,,,,4.000000,326.391210,"Device","Device","Tesla V100-PCIE-32GB (0)","1","16","[CUDA memcpy DtoD]",1872
11.182656,0.365053,,,,,,,,,,4.000000,10.700501,"Device","Pageable","Tesla V100-PCIE-32GB (0)","1","16","[CUDA memcpy DtoH]",1873
11.320526,2.980839,,,,,,,,,,32.000000,10.483626,"Pageable","Device","Tesla V100-PCIE-32GB (0)","1","16","[CUDA memcpy HtoD]",1883
11.323525,2.881257,,,,,,,,,,32.000000,10.845961,"Pageable","Device","Tesla V100-PCIE-32GB (0)","1","17","[CUDA memcpy HtoD]",1884
11.326411,0.060223,32,1024,1,32,1,1,16,0.000000,0,,,,,"Tesla V100-PCIE-32GB (0)","1","16","initialize_matmul_result_1_0_1(float*, int, int)",1887
11.326472,2.021167,8,32,1,128,1,1,112,10.000000,0,,,,,"Tesla V100-PCIE-32GB (0)","1","16","Thread_block_grid_1_1_3(float const *, float const *, float*, int, int, int)",1888
11.328519,0.011712,,,,,,,,,,4.000000,333.525444,"Device","Device","Tesla V100-PCIE-32GB (0)","1","16","[CUDA memcpy DtoD]",1890
11.328534,0.366044,,,,,,,,,,4.000000,10.671531,"Device","Pageable","Tesla V100-PCIE-32GB (0)","1","16","[CUDA memcpy DtoH]",1891
11.458689,3.234309,,,,,,,,,,32.000000,9.662033,"Pageable","Device","Tesla V100-PCIE-32GB (0)","1","16","[CUDA memcpy HtoD]",1901
11.461943,2.733705,,,,,,,,,,32.000000,11.431372,"Pageable","Device","Tesla V100-PCIE-32GB (0)","1","17","[CUDA memcpy HtoD]",1902
11.464685,0.060512,32,1024,1,32,1,1,16,0.000000,0,,,,,"Tesla V100-PCIE-32GB (0)","1","16","initialize_matmul_result_1_0_1(float*, int, int)",1905
11.464746,2.019183,8,32,1,128,1,1,112,10.000000,0,,,,,"Tesla V100-PCIE-32GB (0)","1","16","Thread_block_grid_1_1_3(float const *, float const *, float*, int, int, int)",1906
11.466789,0.011775,,,,,,,,,,4.000000,331.740977,"Device","Device","Tesla V100-PCIE-32GB (0)","1","16","[CUDA memcpy DtoD]",1908
11.466805,0.370493,,,,,,,,,,4.000000,10.543384,"Device","Pageable","Tesla V100-PCIE-32GB (0)","1","16","[CUDA memcpy DtoH]",1909
11.597858,3.106342,,,,,,,,,,32.000000,10.060064,"Pageable","Device","Tesla V100-PCIE-32GB (0)","1","16","[CUDA memcpy HtoD]",1919
11.600968,2.736201,,,,,,,,,,32.000000,11.420945,"Pageable","Device","Tesla V100-PCIE-32GB (0)","1","17","[CUDA memcpy HtoD]",1920
11.603716,0.060287,32,1024,1,32,1,1,16,0.000000,0,,,,,"Tesla V100-PCIE-32GB (0)","1","16","initialize_matmul_result_1_0_1(float*, int, int)",1923
11.603778,2.018703,8,32,1,128,1,1,112,10.000000,0,,,,,"Tesla V100-PCIE-32GB (0)","1","16","Thread_block_grid_1_1_3(float const *, float const *, float*, int, int, int)",1924
11.605823,0.012096,,,,,,,,,,4.000000,322.937335,"Device","Device","Tesla V100-PCIE-32GB (0)","1","16","[CUDA memcpy DtoD]",1926
11.605837,0.373372,,,,,,,,,,4.000000,10.462086,"Device","Pageable","Tesla V100-PCIE-32GB (0)","1","16","[CUDA memcpy DtoH]",1927
11.735786,3.354020,,,,,,,,,,32.000000,9.317178,"Pageable","Device","Tesla V100-PCIE-32GB (0)","1","16","[CUDA memcpy HtoD]",1937
11.739166,2.733257,,,,,,,,,,32.000000,11.433246,"Pageable","Device","Tesla V100-PCIE-32GB (0)","1","17","[CUDA memcpy HtoD]",1938
11.741911,0.060223,32,1024,1,32,1,1,16,0.000000,0,,,,,"Tesla V100-PCIE-32GB (0)","1","16","initialize_matmul_result_1_0_1(float*, int, int)",1941
11.741972,2.020399,8,32,1,128,1,1,112,10.000000,0,,,,,"Tesla V100-PCIE-32GB (0)","1","16","Thread_block_grid_1_1_3(float const *, float const *, float*, int, int, int)",1942
11.744021,0.012416,,,,,,,,,,4.000000,314.614207,"Device","Device","Tesla V100-PCIE-32GB (0)","1","16","[CUDA memcpy DtoD]",1944
11.744035,0.365885,,,,,,,,,,4.000000,10.676169,"Device","Pageable","Tesla V100-PCIE-32GB (0)","1","16","[CUDA memcpy DtoH]",1945
11.875817,2.964231,,,,,,,,,,32.000000,10.542363,"Pageable","Device","Tesla V100-PCIE-32GB (0)","1","16","[CUDA memcpy HtoD]",1955
11.878802,2.881864,,,,,,,,,,32.000000,10.843676,"Pageable","Device","Tesla V100-PCIE-32GB (0)","1","17","[CUDA memcpy HtoD]",1956
11.881688,0.060223,32,1024,1,32,1,1,16,0.000000,0,,,,,"Tesla V100-PCIE-32GB (0)","1","16","initialize_matmul_result_1_0_1(float*, int, int)",1959
11.881749,2.019888,8,32,1,128,1,1,112,10.000000,0,,,,,"Tesla V100-PCIE-32GB (0)","1","16","Thread_block_grid_1_1_3(float const *, float const *, float*, int, int, int)",1960
11.883793,0.012000,,,,,,,,,,4.000000,325.520833,"Device","Device","Tesla V100-PCIE-32GB (0)","1","16","[CUDA memcpy DtoD]",1962
11.883807,0.371421,,,,,,,,,,4.000000,10.517041,"Device","Pageable","Tesla V100-PCIE-32GB (0)","1","16","[CUDA memcpy DtoH]",1963
12.016536,3.232708,,,,,,,,,,32.000000,9.666818,"Pageable","Device","Tesla V100-PCIE-32GB (0)","1","16","[CUDA memcpy HtoD]",1973
12.019789,3.025927,,,,,,,,,,32.000000,10.327414,"Pageable","Device","Tesla V100-PCIE-32GB (0)","1","17","[CUDA memcpy HtoD]",1974
12.022826,0.060255,32,1024,1,32,1,1,16,0.000000,0,,,,,"Tesla V100-PCIE-32GB (0)","1","16","initialize_matmul_result_1_0_1(float*, int, int)",1977
12.022887,2.022095,8,32,1,128,1,1,112,10.000000,0,,,,,"Tesla V100-PCIE-32GB (0)","1","16","Thread_block_grid_1_1_3(float const *, float const *, float*, int, int, int)",1978
12.024932,0.011840,,,,,,,,,,4.000000,329.919764,"Device","Device","Tesla V100-PCIE-32GB (0)","1","16","[CUDA memcpy DtoD]",1980
12.024947,0.365981,,,,,,,,,,4.000000,10.673368,"Device","Pageable","Tesla V100-PCIE-32GB (0)","1","16","[CUDA memcpy DtoH]",1981
12.155325,2.970727,,,,,,,,,,32.000000,10.519311,"Pageable","Device","Tesla V100-PCIE-32GB (0)","1","16","[CUDA memcpy HtoD]",1991
12.158334,2.888680,,,,,,,,,,32.000000,10.818090,"Pageable","Device","Tesla V100-PCIE-32GB (0)","1","17","[CUDA memcpy HtoD]",1992
12.161226,0.060255,32,1024,1,32,1,1,16,0.000000,0,,,,,"Tesla V100-PCIE-32GB (0)","1","16","initialize_matmul_result_1_0_1(float*, int, int)",1995
12.161288,2.019951,8,32,1,128,1,1,112,10.000000,0,,,,,"Tesla V100-PCIE-32GB (0)","1","16","Thread_block_grid_1_1_3(float const *, float const *, float*, int, int, int)",1996
12.163331,0.011808,,,,,,,,,,4.000000,330.813855,"Device","Device","Tesla V100-PCIE-32GB (0)","1","16","[CUDA memcpy DtoD]",1998
12.163346,0.367421,,,,,,,,,,4.000000,10.631537,"Device","Pageable","Tesla V100-PCIE-32GB (0)","1","16","[CUDA memcpy DtoH]",1999
12.304417,3.163590,,,,,,,,,,32.000000,9.878018,"Pageable","Device","Tesla V100-PCIE-32GB (0)","1","16","[CUDA memcpy HtoD]",2009
12.307584,2.733129,,,,,,,,,,32.000000,11.433782,"Pageable","Device","Tesla V100-PCIE-32GB (0)","1","17","[CUDA memcpy HtoD]",2010
12.310323,0.060256,32,1024,1,32,1,1,16,0.000000,0,,,,,"Tesla V100-PCIE-32GB (0)","1","16","initialize_matmul_result_1_0_1(float*, int, int)",2013
12.310384,2.019054,8,32,1,128,1,1,112,10.000000,0,,,,,"Tesla V100-PCIE-32GB (0)","1","16","Thread_block_grid_1_1_3(float const *, float const *, float*, int, int, int)",2014
12.312430,0.012160,,,,,,,,,,4.000000,321.237664,"Device","Device","Tesla V100-PCIE-32GB (0)","1","16","[CUDA memcpy DtoD]",2016
12.312473,0.330173,,,,,,,,,,4.000000,11.830919,"Device","Pageable","Tesla V100-PCIE-32GB (0)","1","16","[CUDA memcpy DtoH]",2017
12.441624,3.188517,,,,,,,,,,32.000000,9.800795,"Pageable","Device","Tesla V100-PCIE-32GB (0)","1","16","[CUDA memcpy HtoD]",2027
12.444818,2.959080,,,,,,,,,,32.000000,10.560715,"Pageable","Device","Tesla V100-PCIE-32GB (0)","1","17","[CUDA memcpy HtoD]",2028
12.447784,0.060608,32,1024,1,32,1,1,16,0.000000,0,,,,,"Tesla V100-PCIE-32GB (0)","1","16","initialize_matmul_result_1_0_1(float*, int, int)",2031
12.447846,2.018287,8,32,1,128,1,1,112,10.000000,0,,,,,"Tesla V100-PCIE-32GB (0)","1","16","Thread_block_grid_1_1_3(float const *, float const *, float*, int, int, int)",2032
12.449887,0.012480,,,,,,,,,,4.000000,313.000801,"Device","Device","Tesla V100-PCIE-32GB (0)","1","16","[CUDA memcpy DtoD]",2034
12.449902,0.337949,,,,,,,,,,4.000000,11.558697,"Device","Pageable","Tesla V100-PCIE-32GB (0)","1","16","[CUDA memcpy DtoH]",2035
12.577878,2.776904,,,,,,,,,,32.000000,11.253540,"Pageable","Device","Tesla V100-PCIE-32GB (0)","1","16","[CUDA memcpy HtoD]",2045
12.580659,2.732202,,,,,,,,,,32.000000,11.437661,"Pageable","Device","Tesla V100-PCIE-32GB (0)","1","17","[CUDA memcpy HtoD]",2046
12.583403,0.060320,32,1024,1,32,1,1,16,0.000000,0,,,,,"Tesla V100-PCIE-32GB (0)","1","16","initialize_matmul_result_1_0_1(float*, int, int)",2049
12.583464,2.015215,8,32,1,128,1,1,112,10.000000,0,,,,,"Tesla V100-PCIE-32GB (0)","1","16","Thread_block_grid_1_1_3(float const *, float const *, float*, int, int, int)",2050
12.585504,0.011968,,,,,,,,,,4.000000,326.391210,"Device","Device","Tesla V100-PCIE-32GB (0)","1","16","[CUDA memcpy DtoD]",2052
12.585517,0.330909,,,,,,,,,,4.000000,11.804605,"Device","Pageable","Tesla V100-PCIE-32GB (0)","1","16","[CUDA memcpy DtoH]",2053
12.715812,2.766601,,,,,,,,,,32.000000,11.295449,"Pageable","Device","Tesla V100-PCIE-32GB (0)","1","16","[CUDA memcpy HtoD]",2063
12.718582,2.955783,,,,,,,,,,32.000000,10.572495,"Pageable","Device","Tesla V100-PCIE-32GB (0)","1","17","[CUDA memcpy HtoD]",2064
12.721542,0.060256,32,1024,1,32,1,1,16,0.000000,0,,,,,"Tesla V100-PCIE-32GB (0)","1","16","initialize_matmul_result_1_0_1(float*, int, int)",2067
12.721604,2.020943,8,32,1,128,1,1,112,10.000000,0,,,,,"Tesla V100-PCIE-32GB (0)","1","16","Thread_block_grid_1_1_3(float const *, float const *, float*, int, int, int)",2068
12.723651,0.011872,,,,,,,,,,4.000000,329.030492,"Device","Device","Tesla V100-PCIE-32GB (0)","1","16","[CUDA memcpy DtoD]",2070
12.723665,0.335645,,,,,,,,,,4.000000,11.638040,"Device","Pageable","Tesla V100-PCIE-32GB (0)","1","16","[CUDA memcpy DtoH]",2071
12.851714,2.789065,,,,,,,,,,32.000000,11.204472,"Pageable","Device","Tesla V100-PCIE-32GB (0)","1","16","[CUDA memcpy HtoD]",2081
12.854507,2.733353,,,,,,,,,,32.000000,11.432845,"Pageable","Device","Tesla V100-PCIE-32GB (0)","1","17","[CUDA memcpy HtoD]",2082
12.857252,0.060512,32,1024,1,32,1,1,16,0.000000,0,,,,,"Tesla V100-PCIE-32GB (0)","1","16","initialize_matmul_result_1_0_1(float*, int, int)",2085
12.857313,2.020655,8,32,1,128,1,1,112,10.000000,0,,,,,"Tesla V100-PCIE-32GB (0)","1","16","Thread_block_grid_1_1_3(float const *, float const *, float*, int, int, int)",2086
12.859359,0.011872,,,,,,,,,,4.000000,329.030492,"Device","Device","Tesla V100-PCIE-32GB (0)","1","16","[CUDA memcpy DtoD]",2088
12.859373,0.332605,,,,,,,,,,4.000000,11.744412,"Device","Pageable","Tesla V100-PCIE-32GB (0)","1","16","[CUDA memcpy DtoH]",2089
12.989191,2.773673,,,,,,,,,,32.000000,11.266649,"Pageable","Device","Tesla V100-PCIE-32GB (0)","1","16","[CUDA memcpy HtoD]",2099
12.991974,2.736009,,,,,,,,,,32.000000,11.421746,"Pageable","Device","Tesla V100-PCIE-32GB (0)","1","17","[CUDA memcpy HtoD]",2100
12.994714,0.060191,32,1024,1,32,1,1,16,0.000000,0,,,,,"Tesla V100-PCIE-32GB (0)","1","16","initialize_matmul_result_1_0_1(float*, int, int)",2103
12.994776,2.018767,8,32,1,128,1,1,112,10.000000,0,,,,,"Tesla V100-PCIE-32GB (0)","1","16","Thread_block_grid_1_1_3(float const *, float const *, float*, int, int, int)",2104
12.996819,0.011424,,,,,,,,,,4.000000,341.933648,"Device","Device","Tesla V100-PCIE-32GB (0)","1","16","[CUDA memcpy DtoD]",2106
12.996835,0.336573,,,,,,,,,,4.000000,11.605952,"Device","Pageable","Tesla V100-PCIE-32GB (0)","1","16","[CUDA memcpy DtoH]",2107
13.126127,2.776648,,,,,,,,,,32.000000,11.254577,"Pageable","Device","Tesla V100-PCIE-32GB (0)","1","16","[CUDA memcpy HtoD]",2117
13.128938,2.962728,,,,,,,,,,32.000000,10.547711,"Pageable","Device","Tesla V100-PCIE-32GB (0)","1","17","[CUDA memcpy HtoD]",2118
13.131905,0.060287,32,1024,1,32,1,1,16,0.000000,0,,,,,"Tesla V100-PCIE-32GB (0)","1","16","initialize_matmul_result_1_0_1(float*, int, int)",2121
13.131967,2.018159,8,32,1,128,1,1,112,10.000000,0,,,,,"Tesla V100-PCIE-32GB (0)","1","16","Thread_block_grid_1_1_3(float const *, float const *, float*, int, int, int)",2122
13.134010,0.012032,,,,,,,,,,4.000000,324.655086,"Device","Device","Tesla V100-PCIE-32GB (0)","1","16","[CUDA memcpy DtoD]",2124
13.134029,0.331005,,,,,,,,,,4.000000,11.801181,"Device","Pageable","Tesla V100-PCIE-32GB (0)","1","16","[CUDA memcpy DtoH]",2125
13.262153,2.766857,,,,,,,,,,32.000000,11.294404,"Pageable","Device","Tesla V100-PCIE-32GB (0)","1","16","[CUDA memcpy HtoD]",2135
13.264924,2.733385,,,,,,,,,,32.000000,11.432711,"Pageable","Device","Tesla V100-PCIE-32GB (0)","1","17","[CUDA memcpy HtoD]",2136
13.267666,0.060256,32,1024,1,32,1,1,16,0.000000,0,,,,,"Tesla V100-PCIE-32GB (0)","1","16","initialize_matmul_result_1_0_1(float*, int, int)",2139
13.267727,2.017999,8,32,1,128,1,1,112,10.000000,0,,,,,"Tesla V100-PCIE-32GB (0)","1","16","Thread_block_grid_1_1_3(float const *, float const *, float*, int, int, int)",2140
13.269824,0.011552,,,,,,,,,,4.000000,338.144910,"Device","Device","Tesla V100-PCIE-32GB (0)","1","16","[CUDA memcpy DtoD]",2142
13.269839,0.337437,,,,,,,,,,4.000000,11.576235,"Device","Pageable","Tesla V100-PCIE-32GB (0)","1","16","[CUDA memcpy DtoH]",2143
13.399098,2.770601,,,,,,,,,,32.000000,11.279141,"Pageable","Device","Tesla V100-PCIE-32GB (0)","1","16","[CUDA memcpy HtoD]",2153
13.401873,3.006663,,,,,,,,,,32.000000,10.393583,"Pageable","Device","Tesla V100-PCIE-32GB (0)","1","17","[CUDA memcpy HtoD]",2154
13.404892,0.060287,32,1024,1,32,1,1,16,0.000000,0,,,,,"Tesla V100-PCIE-32GB (0)","1","16","initialize_matmul_result_1_0_1(float*, int, int)",2157
13.404953,2.016111,8,32,1,128,1,1,112,10.000000,0,,,,,"Tesla V100-PCIE-32GB (0)","1","16","Thread_block_grid_1_1_3(float const *, float const *, float*, int, int, int)",2158
13.406992,0.011712,,,,,,,,,,4.000000,333.525444,"Device","Device","Tesla V100-PCIE-32GB (0)","1","16","[CUDA memcpy DtoD]",2160
13.407008,0.354109,,,,,,,,,,4.000000,11.031208,"Device","Pageable","Tesla V100-PCIE-32GB (0)","1","16","[CUDA memcpy DtoH]",2161
13.540953,2.771657,,,,,,,,,,32.000000,11.274844,"Pageable","Device","Tesla V100-PCIE-32GB (0)","1","16","[CUDA memcpy HtoD]",2171
13.543728,2.732713,,,,,,,,,,32.000000,11.435522,"Pageable","Device","Tesla V100-PCIE-32GB (0)","1","17","[CUDA memcpy HtoD]",2172
13.546469,0.060543,32,1024,1,32,1,1,16,0.000000,0,,,,,"Tesla V100-PCIE-32GB (0)","1","16","initialize_matmul_result_1_0_1(float*, int, int)",2175
13.546530,2.019055,8,32,1,128,1,1,112,10.000000,0,,,,,"Tesla V100-PCIE-32GB (0)","1","16","Thread_block_grid_1_1_3(float const *, float const *, float*, int, int, int)",2176
13.548572,0.012032,,,,,,,,,,4.000000,324.655086,"Device","Device","Tesla V100-PCIE-32GB (0)","1","16","[CUDA memcpy DtoD]",2178
13.548586,0.333821,,,,,,,,,,4.000000,11.701631,"Device","Pageable","Tesla V100-PCIE-32GB (0)","1","16","[CUDA memcpy DtoH]",2179
13.678569,3.176742,,,,,,,,,,32.000000,9.837122,"Pageable","Device","Tesla V100-PCIE-32GB (0)","1","16","[CUDA memcpy HtoD]",2189
13.681749,2.976487,,,,,,,,,,32.000000,10.498954,"Pageable","Device","Tesla V100-PCIE-32GB (0)","1","17","[CUDA memcpy HtoD]",2190
13.684734,0.060288,32,1024,1,32,1,1,16,0.000000,0,,,,,"Tesla V100-PCIE-32GB (0)","1","16","initialize_matmul_result_1_0_1(float*, int, int)",2193
13.684795,2.021679,8,32,1,128,1,1,112,10.000000,0,,,,,"Tesla V100-PCIE-32GB (0)","1","16","Thread_block_grid_1_1_3(float const *, float const *, float*, int, int, int)",2194
13.686843,0.012160,,,,,,,,,,4.000000,321.237664,"Device","Device","Tesla V100-PCIE-32GB (0)","1","16","[CUDA memcpy DtoD]",2196
13.686859,0.333341,,,,,,,,,,4.000000,11.718480,"Device","Pageable","Tesla V100-PCIE-32GB (0)","1","16","[CUDA memcpy DtoH]",2197
13.820876,2.784649,,,,,,,,,,32.000000,11.222240,"Pageable","Device","Tesla V100-PCIE-32GB (0)","1","16","[CUDA memcpy HtoD]",2207
13.823672,2.733641,,,,,,,,,,32.000000,11.431640,"Pageable","Device","Tesla V100-PCIE-32GB (0)","1","17","[CUDA memcpy HtoD]",2208
13.826410,0.060223,32,1024,1,32,1,1,16,0.000000,0,,,,,"Tesla V100-PCIE-32GB (0)","1","16","initialize_matmul_result_1_0_1(float*, int, int)",2211
13.826471,2.018032,8,32,1,128,1,1,112,10.000000,0,,,,,"Tesla V100-PCIE-32GB (0)","1","16","Thread_block_grid_1_1_3(float const *, float const *, float*, int, int, int)",2212
13.828514,0.012256,,,,,,,,,,4.000000,318.721443,"Device","Device","Tesla V100-PCIE-32GB (0)","1","16","[CUDA memcpy DtoD]",2214
13.828530,0.333214,,,,,,,,,,4.000000,11.722947,"Device","Pageable","Tesla V100-PCIE-32GB (0)","1","16","[CUDA memcpy DtoH]",2215
13.958366,3.167238,,,,,,,,,,32.000000,9.866641,"Pageable","Device","Tesla V100-PCIE-32GB (0)","1","16","[CUDA memcpy HtoD]",2225
13.961538,2.969767,,,,,,,,,,32.000000,10.522711,"Pageable","Device","Tesla V100-PCIE-32GB (0)","1","17","[CUDA memcpy HtoD]",2226
13.964516,0.060544,32,1024,1,32,1,1,16,0.000000,0,,,,,"Tesla V100-PCIE-32GB (0)","1","16","initialize_matmul_result_1_0_1(float*, int, int)",2229
13.964578,2.017327,8,32,1,128,1,1,112,10.000000,0,,,,,"Tesla V100-PCIE-32GB (0)","1","16","Thread_block_grid_1_1_3(float const *, float const *, float*, int, int, int)",2230
13.966620,0.012256,,,,,,,,,,4.000000,318.721443,"Device","Device","Tesla V100-PCIE-32GB (0)","1","16","[CUDA memcpy DtoD]",2232
13.966635,0.334973,,,,,,,,,,4.000000,11.661388,"Device","Pageable","Tesla V100-PCIE-32GB (0)","1","16","[CUDA memcpy DtoH]",2233
14.094979,2.764329,,,,,,,,,,32.000000,11.304733,"Pageable","Device","Tesla V100-PCIE-32GB (0)","1","16","[CUDA memcpy HtoD]",2243
14.097747,2.733385,,,,,,,,,,32.000000,11.432711,"Pageable","Device","Tesla V100-PCIE-32GB (0)","1","17","[CUDA memcpy HtoD]",2244
14.100491,0.060256,32,1024,1,32,1,1,16,0.000000,0,,,,,"Tesla V100-PCIE-32GB (0)","1","16","initialize_matmul_result_1_0_1(float*, int, int)",2247
14.100552,2.017807,8,32,1,128,1,1,112,10.000000,0,,,,,"Tesla V100-PCIE-32GB (0)","1","16","Thread_block_grid_1_1_3(float const *, float const *, float*, int, int, int)",2248
14.102597,0.012640,,,,,,,,,,4.000000,309.038766,"Device","Device","Tesla V100-PCIE-32GB (0)","1","16","[CUDA memcpy DtoD]",2250
14.102612,0.334750,,,,,,,,,,4.000000,11.669156,"Device","Pageable","Tesla V100-PCIE-32GB (0)","1","16","[CUDA memcpy DtoH]",2251
14.232087,2.771848,,,,,,,,,,32.000000,11.274067,"Pageable","Device","Tesla V100-PCIE-32GB (0)","1","16","[CUDA memcpy HtoD]",2261
14.234866,2.975879,,,,,,,,,,32.000000,10.501099,"Pageable","Device","Tesla V100-PCIE-32GB (0)","1","17","[CUDA memcpy HtoD]",2262
14.237856,0.060256,32,1024,1,32,1,1,16,0.000000,0,,,,,"Tesla V100-PCIE-32GB (0)","1","16","initialize_matmul_result_1_0_1(float*, int, int)",2265
14.237917,2.019567,8,32,1,128,1,1,112,10.000000,0,,,,,"Tesla V100-PCIE-32GB (0)","1","16","Thread_block_grid_1_1_3(float const *, float const *, float*, int, int, int)",2266
14.239961,0.011776,,,,,,,,,,4.000000,331.712806,"Device","Device","Tesla V100-PCIE-32GB (0)","1","16","[CUDA memcpy DtoD]",2268
14.239976,0.329661,,,,,,,,,,4.000000,11.849294,"Device","Pageable","Tesla V100-PCIE-32GB (0)","1","16","[CUDA memcpy DtoH]",2269
14.368148,2.786345,,,,,,,,,,32.000000,11.215409,"Pageable","Device","Tesla V100-PCIE-32GB (0)","1","16","[CUDA memcpy HtoD]",2279
14.370938,2.733929,,,,,,,,,,32.000000,11.430436,"Pageable","Device","Tesla V100-PCIE-32GB (0)","1","17","[CUDA memcpy HtoD]",2280
14.373682,0.060287,32,1024,1,32,1,1,16,0.000000,0,,,,,"Tesla V100-PCIE-32GB (0)","1","16","initialize_matmul_result_1_0_1(float*, int, int)",2283
14.373743,2.017199,8,32,1,128,1,1,112,10.000000,0,,,,,"Tesla V100-PCIE-32GB (0)","1","16","Thread_block_grid_1_1_3(float const *, float const *, float*, int, int, int)",2284
14.375785,0.012512,,,,,,,,,,4.000000,312.200288,"Device","Device","Tesla V100-PCIE-32GB (0)","1","16","[CUDA memcpy DtoD]",2286
14.375800,0.339101,,,,,,,,,,4.000000,11.519429,"Device","Pageable","Tesla V100-PCIE-32GB (0)","1","16","[CUDA memcpy DtoH]",2287
14.505130,3.176294,,,,,,,,,,32.000000,9.838510,"Pageable","Device","Tesla V100-PCIE-32GB (0)","1","16","[CUDA memcpy HtoD]",2297
14.508310,2.960007,,,,,,,,,,32.000000,10.557407,"Pageable","Device","Tesla V100-PCIE-32GB (0)","1","17","[CUDA memcpy HtoD]",2298
14.511278,0.060512,32,1024,1,32,1,1,16,0.000000,0,,,,,"Tesla V100-PCIE-32GB (0)","1","16","initialize_matmul_result_1_0_1(float*, int, int)",2301
14.511339,2.020142,8,32,1,128,1,1,112,10.000000,0,,,,,"Tesla V100-PCIE-32GB (0)","1","16","Thread_block_grid_1_1_3(float const *, float const *, float*, int, int, int)",2302
14.513384,0.011808,,,,,,,,,,4.000000,330.813855,"Device","Device","Tesla V100-PCIE-32GB (0)","1","16","[CUDA memcpy DtoD]",2304
14.513399,0.330365,,,,,,,,,,4.000000,11.824043,"Device","Pageable","Tesla V100-PCIE-32GB (0)","1","16","[CUDA memcpy DtoH]",2305
14.641595,2.790089,,,,,,,,,,32.000000,11.200360,"Pageable","Device","Tesla V100-PCIE-32GB (0)","1","16","[CUDA memcpy HtoD]",2315
14.644396,2.732777,,,,,,,,,,32.000000,11.435254,"Pageable","Device","Tesla V100-PCIE-32GB (0)","1","17","[CUDA memcpy HtoD]",2316
14.647135,0.060511,32,1024,1,32,1,1,16,0.000000,0,,,,,"Tesla V100-PCIE-32GB (0)","1","16","initialize_matmul_result_1_0_1(float*, int, int)",2319
14.647196,2.019215,8,32,1,128,1,1,112,10.000000,0,,,,,"Tesla V100-PCIE-32GB (0)","1","16","Thread_block_grid_1_1_3(float const *, float const *, float*, int, int, int)",2320
14.649240,0.011840,,,,,,,,,,4.000000,329.919764,"Device","Device","Tesla V100-PCIE-32GB (0)","1","16","[CUDA memcpy DtoD]",2322
14.649255,0.332701,,,,,,,,,,4.000000,11.741023,"Device","Pageable","Tesla V100-PCIE-32GB (0)","1","16","[CUDA memcpy DtoH]",2323
14.784344,3.183141,,,,,,,,,,32.000000,9.817347,"Pageable","Device","Tesla V100-PCIE-32GB (0)","1","16","[CUDA memcpy HtoD]",2333
14.787531,2.958791,,,,,,,,,,32.000000,10.561746,"Pageable","Device","Tesla V100-PCIE-32GB (0)","1","17","[CUDA memcpy HtoD]",2334
14.790496,0.060320,32,1024,1,32,1,1,16,0.000000,0,,,,,"Tesla V100-PCIE-32GB (0)","1","16","initialize_matmul_result_1_0_1(float*, int, int)",2337
14.790558,2.019791,8,32,1,128,1,1,112,10.000000,0,,,,,"Tesla V100-PCIE-32GB (0)","1","16","Thread_block_grid_1_1_3(float const *, float const *, float*, int, int, int)",2338
14.792603,0.011680,,,,,,,,,,4.000000,334.439212,"Device","Device","Tesla V100-PCIE-32GB (0)","1","16","[CUDA memcpy DtoD]",2340
14.792618,0.330942,,,,,,,,,,4.000000,11.803428,"Device","Pageable","Tesla V100-PCIE-32GB (0)","1","16","[CUDA memcpy DtoH]",2341
14.920499,3.164102,,,,,,,,,,32.000000,9.876420,"Pageable","Device","Tesla V100-PCIE-32GB (0)","1","16","[CUDA memcpy HtoD]",2351
14.923666,2.732905,,,,,,,,,,32.000000,11.434719,"Pageable","Device","Tesla V100-PCIE-32GB (0)","1","17","[CUDA memcpy HtoD]",2352
14.926408,0.060255,32,1024,1,32,1,1,16,0.000000,0,,,,,"Tesla V100-PCIE-32GB (0)","1","16","initialize_matmul_result_1_0_1(float*, int, int)",2355
14.926469,2.019791,8,32,1,128,1,1,112,10.000000,0,,,,,"Tesla V100-PCIE-32GB (0)","1","16","Thread_block_grid_1_1_3(float const *, float const *, float*, int, int, int)",2356
14.928515,0.011520,,,,,,,,,,4.000000,339.084201,"Device","Device","Tesla V100-PCIE-32GB (0)","1","16","[CUDA memcpy DtoD]",2358
14.928530,0.332605,,,,,,,,,,4.000000,11.744412,"Device","Pageable","Tesla V100-PCIE-32GB (0)","1","16","[CUDA memcpy DtoH]",2359
15.057825,2.778089,,,,,,,,,,32.000000,11.248740,"Pageable","Device","Tesla V100-PCIE-32GB (0)","1","16","[CUDA memcpy HtoD]",2369
15.060615,3.006375,,,,,,,,,,32.000000,10.394578,"Pageable","Device","Tesla V100-PCIE-32GB (0)","1","17","[CUDA memcpy HtoD]",2370
15.063626,0.060352,32,1024,1,32,1,1,16,0.000000,0,,,,,"Tesla V100-PCIE-32GB (0)","1","16","initialize_matmul_result_1_0_1(float*, int, int)",2373
15.063687,2.018639,8,32,1,128,1,1,112,10.000000,0,,,,,"Tesla V100-PCIE-32GB (0)","1","16","Thread_block_grid_1_1_3(float const *, float const *, float*, int, int, int)",2374
15.065731,0.011935,,,,,,,,,,4.000000,327.293674,"Device","Device","Tesla V100-PCIE-32GB (0)","1","16","[CUDA memcpy DtoD]",2376
15.065745,0.330141,,,,,,,,,,4.000000,11.832066,"Device","Pageable","Tesla V100-PCIE-32GB (0)","1","16","[CUDA memcpy DtoH]",2377
15.193970,2.754889,,,,,,,,,,32.000000,11.343470,"Pageable","Device","Tesla V100-PCIE-32GB (0)","1","16","[CUDA memcpy HtoD]",2387
15.196729,2.732905,,,,,,,,,,32.000000,11.434719,"Pageable","Device","Tesla V100-PCIE-32GB (0)","1","17","[CUDA memcpy HtoD]",2388
15.199468,0.060351,32,1024,1,32,1,1,16,0.000000,0,,,,,"Tesla V100-PCIE-32GB (0)","1","16","initialize_matmul_result_1_0_1(float*, int, int)",2391
15.199530,2.018128,8,32,1,128,1,1,112,10.000000,0,,,,,"Tesla V100-PCIE-32GB (0)","1","16","Thread_block_grid_1_1_3(float const *, float const *, float*, int, int, int)",2392
15.201572,0.012256,,,,,,,,,,4.000000,318.721443,"Device","Device","Tesla V100-PCIE-32GB (0)","1","16","[CUDA memcpy DtoD]",2394
15.201586,0.334429,,,,,,,,,,4.000000,11.680357,"Device","Pageable","Tesla V100-PCIE-32GB (0)","1","16","[CUDA memcpy DtoH]",2395
15.331202,3.184998,,,,,,,,,,32.000000,9.811623,"Pageable","Device","Tesla V100-PCIE-32GB (0)","1","16","[CUDA memcpy HtoD]",2405
15.334391,2.732393,,,,,,,,,,32.000000,11.436861,"Pageable","Device","Tesla V100-PCIE-32GB (0)","1","17","[CUDA memcpy HtoD]",2406
15.337152,0.060256,32,1024,1,32,1,1,16,0.000000,0,,,,,"Tesla V100-PCIE-32GB (0)","1","16","initialize_matmul_result_1_0_1(float*, int, int)",2409
15.337213,2.022702,8,32,1,128,1,1,112,10.000000,0,,,,,"Tesla V100-PCIE-32GB (0)","1","16","Thread_block_grid_1_1_3(float const *, float const *, float*, int, int, int)",2410
15.339261,0.012096,,,,,,,,,,4.000000,322.937335,"Device","Device","Tesla V100-PCIE-32GB (0)","1","16","[CUDA memcpy DtoD]",2412
15.339277,0.330493,,,,,,,,,,4.000000,11.819464,"Device","Pageable","Tesla V100-PCIE-32GB (0)","1","16","[CUDA memcpy DtoH]",2413
15.468340,3.164325,,,,,,,,,,32.000000,9.875724,"Pageable","Device","Tesla V100-PCIE-32GB (0)","1","16","[CUDA memcpy HtoD]",2423
15.471519,3.007623,,,,,,,,,,32.000000,10.390265,"Pageable","Device","Tesla V100-PCIE-32GB (0)","1","17","[CUDA memcpy HtoD]",2424
15.474531,0.060576,32,1024,1,32,1,1,16,0.000000,0,,,,,"Tesla V100-PCIE-32GB (0)","1","16","initialize_matmul_result_1_0_1(float*, int, int)",2427
15.474592,2.019055,8,32,1,128,1,1,112,10.000000,0,,,,,"Tesla V100-PCIE-32GB (0)","1","16","Thread_block_grid_1_1_3(float const *, float const *, float*, int, int, int)",2428
15.476636,0.011840,,,,,,,,,,4.000000,329.919764,"Device","Device","Tesla V100-PCIE-32GB (0)","1","16","[CUDA memcpy DtoD]",2430
15.476651,0.332094,,,,,,,,,,4.000000,11.762483,"Device","Pageable","Tesla V100-PCIE-32GB (0)","1","16","[CUDA memcpy DtoH]",2431
15.604831,2.765129,,,,,,,,,,32.000000,11.301462,"Pageable","Device","Tesla V100-PCIE-32GB (0)","1","16","[CUDA memcpy HtoD]",2441
15.607600,2.734217,,,,,,,,,,32.000000,11.429232,"Pageable","Device","Tesla V100-PCIE-32GB (0)","1","17","[CUDA memcpy HtoD]",2442
15.610343,0.060384,32,1024,1,32,1,1,16,0.000000,0,,,,,"Tesla V100-PCIE-32GB (0)","1","16","initialize_matmul_result_1_0_1(float*, int, int)",2445
15.610404,2.018063,8,32,1,128,1,1,112,10.000000,0,,,,,"Tesla V100-PCIE-32GB (0)","1","16","Thread_block_grid_1_1_3(float const *, float const *, float*, int, int, int)",2446
15.612448,0.011808,,,,,,,,,,4.000000,330.813855,"Device","Device","Tesla V100-PCIE-32GB (0)","1","16","[CUDA memcpy DtoD]",2448
15.612461,0.330173,,,,,,,,,,4.000000,11.830919,"Device","Pageable","Tesla V100-PCIE-32GB (0)","1","16","[CUDA memcpy DtoH]",2449
15.742875,3.150630,,,,,,,,,,32.000000,9.918651,"Pageable","Device","Tesla V100-PCIE-32GB (0)","1","16","[CUDA memcpy HtoD]",2459
15.746030,2.955047,,,,,,,,,,32.000000,10.575128,"Pageable","Device","Tesla V100-PCIE-32GB (0)","1","17","[CUDA memcpy HtoD]",2460
15.748994,0.060287,32,1024,1,32,1,1,16,0.000000,0,,,,,"Tesla V100-PCIE-32GB (0)","1","16","initialize_matmul_result_1_0_1(float*, int, int)",2463
15.749056,2.016975,8,32,1,128,1,1,112,10.000000,0,,,,,"Tesla V100-PCIE-32GB (0)","1","16","Thread_block_grid_1_1_3(float const *, float const *, float*, int, int, int)",2464
15.751097,0.011680,,,,,,,,,,4.000000,334.439212,"Device","Device","Tesla V100-PCIE-32GB (0)","1","16","[CUDA memcpy DtoD]",2466
15.751112,0.333085,,,,,,,,,,4.000000,11.727487,"Device","Pageable","Tesla V100-PCIE-32GB (0)","1","16","[CUDA memcpy DtoH]",2467
15.886973,3.835968,,,,,,,,,,32.000000,8.146575,"Pageable","Device","Tesla V100-PCIE-32GB (0)","1","16","[CUDA memcpy HtoD]",2477
15.890826,2.759497,,,,,,,,,,32.000000,11.324528,"Pageable","Device","Tesla V100-PCIE-32GB (0)","1","17","[CUDA memcpy HtoD]",2478
15.893590,0.060256,32,1024,1,32,1,1,16,0.000000,0,,,,,"Tesla V100-PCIE-32GB (0)","1","16","initialize_matmul_result_1_0_1(float*, int, int)",2481
15.893651,2.021359,8,32,1,128,1,1,112,10.000000,0,,,,,"Tesla V100-PCIE-32GB (0)","1","16","Thread_block_grid_1_1_3(float const *, float const *, float*, int, int, int)",2482
15.895701,0.011808,,,,,,,,,,4.000000,330.813855,"Device","Device","Tesla V100-PCIE-32GB (0)","1","16","[CUDA memcpy DtoD]",2484
15.895719,0.460124,,,,,,,,,,4.000000,8.489559,"Device","Pageable","Tesla V100-PCIE-32GB (0)","1","16","[CUDA memcpy DtoH]",2485
16.024532,3.656705,,,,,,,,,,32.000000,8.545945,"Pageable","Device","Tesla V100-PCIE-32GB (0)","1","16","[CUDA memcpy HtoD]",2495
16.028209,2.734057,,,,,,,,,,32.000000,11.429901,"Pageable","Device","Tesla V100-PCIE-32GB (0)","1","17","[CUDA memcpy HtoD]",2496
16.030949,0.060448,32,1024,1,32,1,1,16,0.000000,0,,,,,"Tesla V100-PCIE-32GB (0)","1","16","initialize_matmul_result_1_0_1(float*, int, int)",2499
16.031011,2.021135,8,32,1,128,1,1,112,10.000000,0,,,,,"Tesla V100-PCIE-32GB (0)","1","16","Thread_block_grid_1_1_3(float const *, float const *, float*, int, int, int)",2500
16.033077,0.011808,,,,,,,,,,4.000000,330.813855,"Device","Device","Tesla V100-PCIE-32GB (0)","1","16","[CUDA memcpy DtoD]",2502
16.033094,0.440285,,,,,,,,,,4.000000,8.872094,"Device","Pageable","Tesla V100-PCIE-32GB (0)","1","16","[CUDA memcpy DtoH]",2503
16.162628,3.666817,,,,,,,,,,32.000000,8.522378,"Pageable","Device","Tesla V100-PCIE-32GB (0)","1","16","[CUDA memcpy HtoD]",2513
16.166320,2.734217,,,,,,,,,,32.000000,11.429232,"Pageable","Device","Tesla V100-PCIE-32GB (0)","1","17","[CUDA memcpy HtoD]",2514
16.169062,0.060544,32,1024,1,32,1,1,16,0.000000,0,,,,,"Tesla V100-PCIE-32GB (0)","1","16","initialize_matmul_result_1_0_1(float*, int, int)",2517
16.169124,2.019343,8,32,1,128,1,1,112,10.000000,0,,,,,"Tesla V100-PCIE-32GB (0)","1","16","Thread_block_grid_1_1_3(float const *, float const *, float*, int, int, int)",2518
16.171171,0.012096,,,,,,,,,,4.000000,322.937335,"Device","Device","Tesla V100-PCIE-32GB (0)","1","16","[CUDA memcpy DtoD]",2520
16.171188,0.440508,,,,,,,,,,4.000000,8.867603,"Device","Pageable","Tesla V100-PCIE-32GB (0)","1","16","[CUDA memcpy DtoH]",2521
16.300022,3.579458,,,,,,,,,,32.000000,8.730372,"Pageable","Device","Tesla V100-PCIE-32GB (0)","1","16","[CUDA memcpy HtoD]",2531
16.303631,2.940039,,,,,,,,,,32.000000,10.629111,"Pageable","Device","Tesla V100-PCIE-32GB (0)","1","17","[CUDA memcpy HtoD]",2532
16.306575,0.060512,32,1024,1,32,1,1,16,0.000000,0,,,,,"Tesla V100-PCIE-32GB (0)","1","16","initialize_matmul_result_1_0_1(float*, int, int)",2535
16.306636,2.019663,8,32,1,128,1,1,112,10.000000,0,,,,,"Tesla V100-PCIE-32GB (0)","1","16","Thread_block_grid_1_1_3(float const *, float const *, float*, int, int, int)",2536
16.308684,0.011840,,,,,,,,,,4.000000,329.919764,"Device","Device","Tesla V100-PCIE-32GB (0)","1","16","[CUDA memcpy DtoD]",2538
16.308700,0.448796,,,,,,,,,,4.000000,8.703843,"Device","Pageable","Tesla V100-PCIE-32GB (0)","1","16","[CUDA memcpy DtoH]",2539
16.438205,3.721409,,,,,,,,,,32.000000,8.397357,"Pageable","Device","Tesla V100-PCIE-32GB (0)","1","16","[CUDA memcpy HtoD]",2549
16.441946,2.765321,,,,,,,,,,32.000000,11.300677,"Pageable","Device","Tesla V100-PCIE-32GB (0)","1","17","[CUDA memcpy HtoD]",2550
16.444716,0.060320,32,1024,1,32,1,1,16,0.000000,0,,,,,"Tesla V100-PCIE-32GB (0)","1","16","initialize_matmul_result_1_0_1(float*, int, int)",2553
16.444779,2.019823,8,32,1,128,1,1,112,10.000000,0,,,,,"Tesla V100-PCIE-32GB (0)","1","16","Thread_block_grid_1_1_3(float const *, float const *, float*, int, int, int)",2554
16.446825,0.011584,,,,,,,,,,4.000000,337.210808,"Device","Device","Tesla V100-PCIE-32GB (0)","1","16","[CUDA memcpy DtoD]",2556
16.446842,0.443389,,,,,,,,,,4.000000,8.809984,"Device","Pageable","Tesla V100-PCIE-32GB (0)","1","16","[CUDA memcpy DtoH]",2557
16.575363,3.685058,,,,,,,,,,32.000000,8.480192,"Pageable","Device","Tesla V100-PCIE-32GB (0)","1","16","[CUDA memcpy HtoD]",2567
16.579073,2.733929,,,,,,,,,,32.000000,11.430436,"Pageable","Device","Tesla V100-PCIE-32GB (0)","1","17","[CUDA memcpy HtoD]",2568
16.581812,0.060223,32,1024,1,32,1,1,16,0.000000,0,,,,,"Tesla V100-PCIE-32GB (0)","1","16","initialize_matmul_result_1_0_1(float*, int, int)",2571
16.581873,2.020335,8,32,1,128,1,1,112,10.000000,0,,,,,"Tesla V100-PCIE-32GB (0)","1","16","Thread_block_grid_1_1_3(float const *, float const *, float*, int, int, int)",2572
16.583922,0.011776,,,,,,,,,,4.000000,331.712806,"Device","Device","Tesla V100-PCIE-32GB (0)","1","16","[CUDA memcpy DtoD]",2574
16.583939,0.441820,,,,,,,,,,4.000000,8.841270,"Device","Pageable","Tesla V100-PCIE-32GB (0)","1","16","[CUDA memcpy DtoH]",2575
16.712971,3.579874,,,,,,,,,,32.000000,8.729358,"Pageable","Device","Tesla V100-PCIE-32GB (0)","1","16","[CUDA memcpy HtoD]",2585
16.716582,2.946343,,,,,,,,,,32.000000,10.606369,"Pageable","Device","Tesla V100-PCIE-32GB (0)","1","17","[CUDA memcpy HtoD]",2586
16.719532,0.060480,32,1024,1,32,1,1,16,0.000000,0,,,,,"Tesla V100-PCIE-32GB (0)","1","16","initialize_matmul_result_1_0_1(float*, int, int)",2589
16.719594,2.016015,8,32,1,128,1,1,112,10.000000,0,,,,,"Tesla V100-PCIE-32GB (0)","1","16","Thread_block_grid_1_1_3(float const *, float const *, float*, int, int, int)",2590
16.721638,0.012544,,,,,,,,,,4.000000,311.403858,"Device","Device","Tesla V100-PCIE-32GB (0)","1","16","[CUDA memcpy DtoD]",2592
16.721656,0.442717,,,,,,,,,,4.000000,8.823357,"Device","Pageable","Tesla V100-PCIE-32GB (0)","1","16","[CUDA memcpy DtoH]",2593
16.850234,3.728737,,,,,,,,,,32.000000,8.380854,"Pageable","Device","Tesla V100-PCIE-32GB (0)","1","16","[CUDA memcpy HtoD]",2603
16.853982,2.734185,,,,,,,,,,32.000000,11.429366,"Pageable","Device","Tesla V100-PCIE-32GB (0)","1","17","[CUDA memcpy HtoD]",2604
16.856724,0.060575,32,1024,1,32,1,1,16,0.000000,0,,,,,"Tesla V100-PCIE-32GB (0)","1","16","initialize_matmul_result_1_0_1(float*, int, int)",2607
16.856785,2.018575,8,32,1,128,1,1,112,10.000000,0,,,,,"Tesla V100-PCIE-32GB (0)","1","16","Thread_block_grid_1_1_3(float const *, float const *, float*, int, int, int)",2608
16.858832,0.011648,,,,,,,,,,4.000000,335.358001,"Device","Device","Tesla V100-PCIE-32GB (0)","1","16","[CUDA memcpy DtoD]",2610
16.858849,0.442845,,,,,,,,,,4.000000,8.820806,"Device","Pageable","Tesla V100-PCIE-32GB (0)","1","16","[CUDA memcpy DtoH]",2611
16.987568,3.668385,,,,,,,,,,32.000000,8.518735,"Pageable","Device","Tesla V100-PCIE-32GB (0)","1","16","[CUDA memcpy HtoD]",2621
16.991254,2.757065,,,,,,,,,,32.000000,11.334517,"Pageable","Device","Tesla V100-PCIE-32GB (0)","1","17","[CUDA memcpy HtoD]",2622
16.994016,0.060799,32,1024,1,32,1,1,16,0.000000,0,,,,,"Tesla V100-PCIE-32GB (0)","1","16","initialize_matmul_result_1_0_1(float*, int, int)",2625
16.994078,2.017584,8,32,1,128,1,1,112,10.000000,0,,,,,"Tesla V100-PCIE-32GB (0)","1","16","Thread_block_grid_1_1_3(float const *, float const *, float*, int, int, int)",2626
16.996122,0.012288,,,,,,,,,,4.000000,317.891439,"Device","Device","Tesla V100-PCIE-32GB (0)","1","16","[CUDA memcpy DtoD]",2628
16.996140,0.445788,,,,,,,,,,4.000000,8.762573,"Device","Pageable","Tesla V100-PCIE-32GB (0)","1","16","[CUDA memcpy DtoH]",2629
17.124805,3.765121,,,,,,,,,,32.000000,8.299866,"Pageable","Device","Tesla V100-PCIE-32GB (0)","1","16","[CUDA memcpy HtoD]",2639
17.128600,2.939464,,,,,,,,,,32.000000,10.631190,"Pageable","Device","Tesla V100-PCIE-32GB (0)","1","17","[CUDA memcpy HtoD]",2640
17.131545,0.060479,32,1024,1,32,1,1,16,0.000000,0,,,,,"Tesla V100-PCIE-32GB (0)","1","16","initialize_matmul_result_1_0_1(float*, int, int)",2643
17.131606,2.018575,8,32,1,128,1,1,112,10.000000,0,,,,,"Tesla V100-PCIE-32GB (0)","1","16","Thread_block_grid_1_1_3(float const *, float const *, float*, int, int, int)",2644
17.133653,0.012224,,,,,,,,,,4.000000,319.555792,"Device","Device","Tesla V100-PCIE-32GB (0)","1","16","[CUDA memcpy DtoD]",2646
17.133670,0.445884,,,,,,,,,,4.000000,8.760687,"Device","Pageable","Tesla V100-PCIE-32GB (0)","1","16","[CUDA memcpy DtoH]",2647
17.266142,3.172038,,,,,,,,,,32.000000,9.851710,"Pageable","Device","Tesla V100-PCIE-32GB (0)","1","16","[CUDA memcpy HtoD]",2657
17.269319,2.732489,,,,,,,,,,32.000000,11.436460,"Pageable","Device","Tesla V100-PCIE-32GB (0)","1","17","[CUDA memcpy HtoD]",2658
17.272060,0.060223,32,1024,1,32,1,1,16,0.000000,0,,,,,"Tesla V100-PCIE-32GB (0)","1","16","initialize_matmul_result_1_0_1(float*, int, int)",2661
17.272121,2.020559,8,32,1,128,1,1,112,10.000000,0,,,,,"Tesla V100-PCIE-32GB (0)","1","16","Thread_block_grid_1_1_3(float const *, float const *, float*, int, int, int)",2662
17.274170,0.011968,,,,,,,,,,4.000000,326.391210,"Device","Device","Tesla V100-PCIE-32GB (0)","1","16","[CUDA memcpy DtoD]",2664
17.274187,0.407933,,,,,,,,,,4.000000,9.575715,"Device","Pageable","Tesla V100-PCIE-32GB (0)","1","16","[CUDA memcpy DtoH]",2665
17.406168,4.400028,,,,,,,,,,32.000000,7.102228,"Pageable","Device","Tesla V100-PCIE-32GB (0)","1","16","[CUDA memcpy HtoD]",2675
17.410649,4.504026,,,,,,,,,,32.000000,6.938237,"Pageable","Device","Tesla V100-PCIE-32GB (0)","1","17","[CUDA memcpy HtoD]",2676
17.415157,0.060256,32,1024,1,32,1,1,16,0.000000,0,,,,,"Tesla V100-PCIE-32GB (0)","1","16","initialize_matmul_result_1_0_1(float*, int, int)",2679
17.415218,2.022607,8,32,1,128,1,1,112,10.000000,0,,,,,"Tesla V100-PCIE-32GB (0)","1","16","Thread_block_grid_1_1_3(float const *, float const *, float*, int, int, int)",2680
17.417274,0.011808,,,,,,,,,,4.000000,330.813855,"Device","Device","Tesla V100-PCIE-32GB (0)","1","16","[CUDA memcpy DtoD]",2682
17.417294,0.369981,,,,,,,,,,4.000000,10.557975,"Device","Pageable","Tesla V100-PCIE-32GB (0)","1","16","[CUDA memcpy DtoH]",2683
17.550504,2.799945,,,,,,,,,,32.000000,11.160934,"Pageable","Device","Tesla V100-PCIE-32GB (0)","1","16","[CUDA memcpy HtoD]",2693
17.553312,3.001447,,,,,,,,,,32.000000,10.411645,"Pageable","Device","Tesla V100-PCIE-32GB (0)","1","17","[CUDA memcpy HtoD]",2694
17.556319,0.060415,32,1024,1,32,1,1,16,0.000000,0,,,,,"Tesla V100-PCIE-32GB (0)","1","16","initialize_matmul_result_1_0_1(float*, int, int)",2697
17.556380,2.019727,8,32,1,128,1,1,112,10.000000,0,,,,,"Tesla V100-PCIE-32GB (0)","1","16","Thread_block_grid_1_1_3(float const *, float const *, float*, int, int, int)",2698
17.558424,0.011712,,,,,,,,,,4.000000,333.525444,"Device","Device","Tesla V100-PCIE-32GB (0)","1","16","[CUDA memcpy DtoD]",2700
17.558439,0.334621,,,,,,,,,,4.000000,11.673655,"Device","Pageable","Tesla V100-PCIE-32GB (0)","1","16","[CUDA memcpy DtoH]",2701
17.689564,2.898535,,,,,,,,,,32.000000,10.781308,"Pageable","Device","Tesla V100-PCIE-32GB (0)","1","16","[CUDA memcpy HtoD]",2711
17.692478,2.732937,,,,,,,,,,32.000000,11.434585,"Pageable","Device","Tesla V100-PCIE-32GB (0)","1","17","[CUDA memcpy HtoD]",2712
17.695215,0.060288,32,1024,1,32,1,1,16,0.000000,0,,,,,"Tesla V100-PCIE-32GB (0)","1","16","initialize_matmul_result_1_0_1(float*, int, int)",2715
17.695276,2.017231,8,32,1,128,1,1,112,10.000000,0,,,,,"Tesla V100-PCIE-32GB (0)","1","16","Thread_block_grid_1_1_3(float const *, float const *, float*, int, int, int)",2716
17.697318,0.011904,,,,,,,,,,4.000000,328.146001,"Device","Device","Tesla V100-PCIE-32GB (0)","1","16","[CUDA memcpy DtoD]",2718
17.697334,0.338365,,,,,,,,,,4.000000,11.544486,"Device","Pageable","Tesla V100-PCIE-32GB (0)","1","16","[CUDA memcpy DtoH]",2719
17.827481,3.200070,,,,,,,,,,32.000000,9.765411,"Pageable","Device","Tesla V100-PCIE-32GB (0)","1","16","[CUDA memcpy HtoD]",2729
17.830685,3.017766,,,,,,,,,,32.000000,10.355342,"Pageable","Device","Tesla V100-PCIE-32GB (0)","1","17","[CUDA memcpy HtoD]",2730
17.833711,0.060480,32,1024,1,32,1,1,16,0.000000,0,,,,,"Tesla V100-PCIE-32GB (0)","1","16","initialize_matmul_result_1_0_1(float*, int, int)",2733
17.833772,2.021231,8,32,1,128,1,1,112,10.000000,0,,,,,"Tesla V100-PCIE-32GB (0)","1","16","Thread_block_grid_1_1_3(float const *, float const *, float*, int, int, int)",2734
17.835820,0.012287,,,,,,,,,,4.000000,317.917311,"Device","Device","Tesla V100-PCIE-32GB (0)","1","16","[CUDA memcpy DtoD]",2736
17.835834,0.339070,,,,,,,,,,4.000000,11.520482,"Device","Pageable","Tesla V100-PCIE-32GB (0)","1","16","[CUDA memcpy DtoH]",2737
17.965721,2.909128,,,,,,,,,,32.000000,10.742051,"Pageable","Device","Tesla V100-PCIE-32GB (0)","1","16","[CUDA memcpy HtoD]",2747
17.968654,2.733257,,,,,,,,,,32.000000,11.433246,"Pageable","Device","Tesla V100-PCIE-32GB (0)","1","17","[CUDA memcpy HtoD]",2748
17.971396,0.060223,32,1024,1,32,1,1,16,0.000000,0,,,,,"Tesla V100-PCIE-32GB (0)","1","16","initialize_matmul_result_1_0_1(float*, int, int)",2751
17.971457,2.018703,8,32,1,128,1,1,112,10.000000,0,,,,,"Tesla V100-PCIE-32GB (0)","1","16","Thread_block_grid_1_1_3(float const *, float const *, float*, int, int, int)",2752
17.973502,0.012160,,,,,,,,,,4.000000,321.237664,"Device","Device","Tesla V100-PCIE-32GB (0)","1","16","[CUDA memcpy DtoD]",2754
17.973518,0.339453,,,,,,,,,,4.000000,11.507484,"Device","Pageable","Tesla V100-PCIE-32GB (0)","1","16","[CUDA memcpy DtoH]",2755
18.103938,2.779177,,,,,,,,,,32.000000,11.244336,"Pageable","Device","Tesla V100-PCIE-32GB (0)","1","16","[CUDA memcpy HtoD]",2765
18.106725,2.997639,,,,,,,,,,32.000000,10.424871,"Pageable","Device","Tesla V100-PCIE-32GB (0)","1","17","[CUDA memcpy HtoD]",2766
18.109729,0.060224,32,1024,1,32,1,1,16,0.000000,0,,,,,"Tesla V100-PCIE-32GB (0)","1","16","initialize_matmul_result_1_0_1(float*, int, int)",2769
18.109790,2.022766,8,32,1,128,1,1,112,10.000000,0,,,,,"Tesla V100-PCIE-32GB (0)","1","16","Thread_block_grid_1_1_3(float const *, float const *, float*, int, int, int)",2770
18.111836,0.011680,,,,,,,,,,4.000000,334.439212,"Device","Device","Tesla V100-PCIE-32GB (0)","1","16","[CUDA memcpy DtoD]",2772
18.111851,0.349469,,,,,,,,,,4.000000,11.177672,"Device","Pageable","Tesla V100-PCIE-32GB (0)","1","16","[CUDA memcpy DtoH]",2773
18.240598,2.895495,,,,,,,,,,32.000000,10.792628,"Pageable","Device","Tesla V100-PCIE-32GB (0)","1","16","[CUDA memcpy HtoD]",2783
18.243497,2.733130,,,,,,,,,,32.000000,11.433777,"Pageable","Device","Tesla V100-PCIE-32GB (0)","1","17","[CUDA memcpy HtoD]",2784
18.246242,0.060256,32,1024,1,32,1,1,16,0.000000,0,,,,,"Tesla V100-PCIE-32GB (0)","1","16","initialize_matmul_result_1_0_1(float*, int, int)",2787
18.246304,2.018159,8,32,1,128,1,1,112,10.000000,0,,,,,"Tesla V100-PCIE-32GB (0)","1","16","Thread_block_grid_1_1_3(float const *, float const *, float*, int, int, int)",2788
18.248346,0.011904,,,,,,,,,,4.000000,328.146001,"Device","Device","Tesla V100-PCIE-32GB (0)","1","16","[CUDA memcpy DtoD]",2790
18.248361,0.337533,,,,,,,,,,4.000000,11.572942,"Device","Pageable","Tesla V100-PCIE-32GB (0)","1","16","[CUDA memcpy DtoH]",2791
18.378558,2.786921,,,,,,,,,,32.000000,11.213091,"Pageable","Device","Tesla V100-PCIE-32GB (0)","1","16","[CUDA memcpy HtoD]",2801
18.381361,2.997063,,,,,,,,,,32.000000,10.426875,"Pageable","Device","Tesla V100-PCIE-32GB (0)","1","17","[CUDA memcpy HtoD]",2802
18.384366,0.060255,32,1024,1,32,1,1,16,0.000000,0,,,,,"Tesla V100-PCIE-32GB (0)","1","16","initialize_matmul_result_1_0_1(float*, int, int)",2805
18.384427,2.017167,8,32,1,128,1,1,112,10.000000,0,,,,,"Tesla V100-PCIE-32GB (0)","1","16","Thread_block_grid_1_1_3(float const *, float const *, float*, int, int, int)",2806
18.386469,0.011680,,,,,,,,,,4.000000,334.439212,"Device","Device","Tesla V100-PCIE-32GB (0)","1","16","[CUDA memcpy DtoD]",2808
18.386484,0.354941,,,,,,,,,,4.000000,11.005350,"Device","Pageable","Tesla V100-PCIE-32GB (0)","1","16","[CUDA memcpy DtoH]",2809
18.515721,2.898632,,,,,,,,,,32.000000,10.780948,"Pageable","Device","Tesla V100-PCIE-32GB (0)","1","16","[CUDA memcpy HtoD]",2819
18.518630,2.732617,,,,,,,,,,32.000000,11.435924,"Pageable","Device","Tesla V100-PCIE-32GB (0)","1","17","[CUDA memcpy HtoD]",2820
18.521367,0.060543,32,1024,1,32,1,1,16,0.000000,0,,,,,"Tesla V100-PCIE-32GB (0)","1","16","initialize_matmul_result_1_0_1(float*, int, int)",2823
18.521429,2.018480,8,32,1,128,1,1,112,10.000000,0,,,,,"Tesla V100-PCIE-32GB (0)","1","16","Thread_block_grid_1_1_3(float const *, float const *, float*, int, int, int)",2824
18.523472,0.011712,,,,,,,,,,4.000000,333.525444,"Device","Device","Tesla V100-PCIE-32GB (0)","1","16","[CUDA memcpy DtoD]",2826
18.523499,0.338973,,,,,,,,,,4.000000,11.523779,"Device","Pageable","Tesla V100-PCIE-32GB (0)","1","16","[CUDA memcpy DtoH]",2827
18.655544,3.178630,,,,,,,,,,32.000000,9.831280,"Pageable","Device","Tesla V100-PCIE-32GB (0)","1","16","[CUDA memcpy HtoD]",2837
18.658726,2.733834,,,,,,,,,,32.000000,11.430833,"Pageable","Device","Tesla V100-PCIE-32GB (0)","1","17","[CUDA memcpy HtoD]",2838
18.661464,0.060223,32,1024,1,32,1,1,16,0.000000,0,,,,,"Tesla V100-PCIE-32GB (0)","1","16","initialize_matmul_result_1_0_1(float*, int, int)",2841
18.661526,2.019791,8,32,1,128,1,1,112,10.000000,0,,,,,"Tesla V100-PCIE-32GB (0)","1","16","Thread_block_grid_1_1_3(float const *, float const *, float*, int, int, int)",2842
18.663571,0.012192,,,,,,,,,,4.000000,320.394521,"Device","Device","Tesla V100-PCIE-32GB (0)","1","16","[CUDA memcpy DtoD]",2844
18.663586,0.334493,,,,,,,,,,4.000000,11.678122,"Device","Pageable","Tesla V100-PCIE-32GB (0)","1","16","[CUDA memcpy DtoH]",2845
18.793153,3.156070,,,,,,,,,,32.000000,9.901555,"Pageable","Device","Tesla V100-PCIE-32GB (0)","1","16","[CUDA memcpy HtoD]",2855
18.796328,2.732681,,,,,,,,,,32.000000,11.435656,"Pageable","Device","Tesla V100-PCIE-32GB (0)","1","17","[CUDA memcpy HtoD]",2856
18.799068,0.060543,32,1024,1,32,1,1,16,0.000000,0,,,,,"Tesla V100-PCIE-32GB (0)","1","16","initialize_matmul_result_1_0_1(float*, int, int)",2859
18.799129,2.018383,8,32,1,128,1,1,112,10.000000,0,,,,,"Tesla V100-PCIE-32GB (0)","1","16","Thread_block_grid_1_1_3(float const *, float const *, float*, int, int, int)",2860
18.801172,0.012256,,,,,,,,,,4.000000,318.721443,"Device","Device","Tesla V100-PCIE-32GB (0)","1","16","[CUDA memcpy DtoD]",2862
18.801186,0.339037,,,,,,,,,,4.000000,11.521604,"Device","Pageable","Tesla V100-PCIE-32GB (0)","1","16","[CUDA memcpy DtoH]",2863
18.931320,3.199301,,,,,,,,,,32.000000,9.767759,"Pageable","Device","Tesla V100-PCIE-32GB (0)","1","16","[CUDA memcpy HtoD]",2873
18.934525,2.733289,,,,,,,,,,32.000000,11.433112,"Pageable","Device","Tesla V100-PCIE-32GB (0)","1","17","[CUDA memcpy HtoD]",2874
18.937264,0.060255,32,1024,1,32,1,1,16,0.000000,0,,,,,"Tesla V100-PCIE-32GB (0)","1","16","initialize_matmul_result_1_0_1(float*, int, int)",2877
18.937326,2.019440,8,32,1,128,1,1,112,10.000000,0,,,,,"Tesla V100-PCIE-32GB (0)","1","16","Thread_block_grid_1_1_3(float const *, float const *, float*, int, int, int)",2878
18.939370,0.012384,,,,,,,,,,4.000000,315.427164,"Device","Device","Tesla V100-PCIE-32GB (0)","1","16","[CUDA memcpy DtoD]",2880
18.939385,0.334844,,,,,,,,,,4.000000,11.665880,"Device","Pageable","Tesla V100-PCIE-32GB (0)","1","16","[CUDA memcpy DtoH]",2881
19.069323,3.439939,,,,,,,,,,32.000000,9.084463,"Pageable","Device","Tesla V100-PCIE-32GB (0)","1","16","[CUDA memcpy HtoD]",2891
19.072767,2.733065,,,,,,,,,,32.000000,11.434049,"Pageable","Device","Tesla V100-PCIE-32GB (0)","1","17","[CUDA memcpy HtoD]",2892
19.075506,0.060256,32,1024,1,32,1,1,16,0.000000,0,,,,,"Tesla V100-PCIE-32GB (0)","1","16","initialize_matmul_result_1_0_1(float*, int, int)",2895
19.075568,2.021391,8,32,1,128,1,1,112,10.000000,0,,,,,"Tesla V100-PCIE-32GB (0)","1","16","Thread_block_grid_1_1_3(float const *, float const *, float*, int, int, int)",2896
19.077614,0.011872,,,,,,,,,,4.000000,329.030492,"Device","Device","Tesla V100-PCIE-32GB (0)","1","16","[CUDA memcpy DtoD]",2898
19.077629,0.338878,,,,,,,,,,4.000000,11.527010,"Device","Pageable","Tesla V100-PCIE-32GB (0)","1","16","[CUDA memcpy DtoH]",2899
19.214836,2.791689,,,,,,,,,,32.000000,11.193940,"Pageable","Device","Tesla V100-PCIE-32GB (0)","1","16","[CUDA memcpy HtoD]",2909
19.217649,2.733386,,,,,,,,,,32.000000,11.432707,"Pageable","Device","Tesla V100-PCIE-32GB (0)","1","17","[CUDA memcpy HtoD]",2910
19.220394,0.060256,32,1024,1,32,1,1,16,0.000000,0,,,,,"Tesla V100-PCIE-32GB (0)","1","16","initialize_matmul_result_1_0_1(float*, int, int)",2913
19.220455,2.020175,8,32,1,128,1,1,112,10.000000,0,,,,,"Tesla V100-PCIE-32GB (0)","1","16","Thread_block_grid_1_1_3(float const *, float const *, float*, int, int, int)",2914
19.222500,0.011360,,,,,,,,,,4.000000,343.860035,"Device","Device","Tesla V100-PCIE-32GB (0)","1","16","[CUDA memcpy DtoD]",2916
19.222515,0.334301,,,,,,,,,,4.000000,11.684829,"Device","Pageable","Tesla V100-PCIE-32GB (0)","1","16","[CUDA memcpy DtoH]",2917
19.352127,3.150470,,,,,,,,,,32.000000,9.919155,"Pageable","Device","Tesla V100-PCIE-32GB (0)","1","16","[CUDA memcpy HtoD]",2927
19.355290,2.733225,,,,,,,,,,32.000000,11.433380,"Pageable","Device","Tesla V100-PCIE-32GB (0)","1","17","[CUDA memcpy HtoD]",2928
19.358028,0.060287,32,1024,1,32,1,1,16,0.000000,0,,,,,"Tesla V100-PCIE-32GB (0)","1","16","initialize_matmul_result_1_0_1(float*, int, int)",2931
19.358089,2.022607,8,32,1,128,1,1,112,10.000000,0,,,,,"Tesla V100-PCIE-32GB (0)","1","16","Thread_block_grid_1_1_3(float const *, float const *, float*, int, int, int)",2932
19.360136,0.012416,,,,,,,,,,4.000000,314.614207,"Device","Device","Tesla V100-PCIE-32GB (0)","1","16","[CUDA memcpy DtoD]",2934
19.360150,0.339261,,,,,,,,,,4.000000,11.513997,"Device","Pageable","Tesla V100-PCIE-32GB (0)","1","16","[CUDA memcpy DtoH]",2935
19.490091,3.187174,,,,,,,,,,32.000000,9.804924,"Pageable","Device","Tesla V100-PCIE-32GB (0)","1","16","[CUDA memcpy HtoD]",2945
19.493282,2.733001,,,,,,,,,,32.000000,11.434317,"Pageable","Device","Tesla V100-PCIE-32GB (0)","1","17","[CUDA memcpy HtoD]",2946
19.496024,0.060255,32,1024,1,32,1,1,16,0.000000,0,,,,,"Tesla V100-PCIE-32GB (0)","1","16","initialize_matmul_result_1_0_1(float*, int, int)",2949
19.496085,2.019727,8,32,1,128,1,1,112,10.000000,0,,,,,"Tesla V100-PCIE-32GB (0)","1","16","Thread_block_grid_1_1_3(float const *, float const *, float*, int, int, int)",2950
19.498130,0.011936,,,,,,,,,,4.000000,327.266253,"Device","Device","Tesla V100-PCIE-32GB (0)","1","16","[CUDA memcpy DtoD]",2952
19.498145,0.336221,,,,,,,,,,4.000000,11.618102,"Device","Pageable","Tesla V100-PCIE-32GB (0)","1","16","[CUDA memcpy DtoH]",2953
19.628872,3.008647,,,,,,,,,,32.000000,10.386729,"Pageable","Device","Tesla V100-PCIE-32GB (0)","1","16","[CUDA memcpy HtoD]",2963
19.631894,2.735850,,,,,,,,,,32.000000,11.422410,"Pageable","Device","Tesla V100-PCIE-32GB (0)","1","17","[CUDA memcpy HtoD]",2964
19.634638,0.060319,32,1024,1,32,1,1,16,0.000000,0,,,,,"Tesla V100-PCIE-32GB (0)","1","16","initialize_matmul_result_1_0_1(float*, int, int)",2967
19.634700,2.021583,8,32,1,128,1,1,112,10.000000,0,,,,,"Tesla V100-PCIE-32GB (0)","1","16","Thread_block_grid_1_1_3(float const *, float const *, float*, int, int, int)",2968
19.636748,0.012096,,,,,,,,,,4.000000,322.937335,"Device","Device","Tesla V100-PCIE-32GB (0)","1","16","[CUDA memcpy DtoD]",2970
19.636763,0.338845,,,,,,,,,,4.000000,11.528132,"Device","Pageable","Tesla V100-PCIE-32GB (0)","1","16","[CUDA memcpy DtoH]",2971
19.765535,3.171973,,,,,,,,,,32.000000,9.851912,"Pageable","Device","Tesla V100-PCIE-32GB (0)","1","16","[CUDA memcpy HtoD]",2981
19.768711,2.732554,,,,,,,,,,32.000000,11.436188,"Pageable","Device","Tesla V100-PCIE-32GB (0)","1","17","[CUDA memcpy HtoD]",2982
19.771452,0.060352,32,1024,1,32,1,1,16,0.000000,0,,,,,"Tesla V100-PCIE-32GB (0)","1","16","initialize_matmul_result_1_0_1(float*, int, int)",2985
19.771513,2.017455,8,32,1,128,1,1,112,10.000000,0,,,,,"Tesla V100-PCIE-32GB (0)","1","16","Thread_block_grid_1_1_3(float const *, float const *, float*, int, int, int)",2986
19.773559,0.012480,,,,,,,,,,4.000000,313.000801,"Device","Device","Tesla V100-PCIE-32GB (0)","1","16","[CUDA memcpy DtoD]",2988
19.773576,0.331229,,,,,,,,,,4.000000,11.793200,"Device","Pageable","Tesla V100-PCIE-32GB (0)","1","16","[CUDA memcpy DtoH]",2989
19.903541,2.782856,,,,,,,,,,32.000000,11.229471,"Pageable","Device","Tesla V100-PCIE-32GB (0)","1","16","[CUDA memcpy HtoD]",2999
19.906390,2.962343,,,,,,,,,,32.000000,10.549082,"Pageable","Device","Tesla V100-PCIE-32GB (0)","1","17","[CUDA memcpy HtoD]",3000
19.909363,0.060288,32,1024,1,32,1,1,16,0.000000,0,,,,,"Tesla V100-PCIE-32GB (0)","1","16","initialize_matmul_result_1_0_1(float*, int, int)",3003
19.909424,2.017071,8,32,1,128,1,1,112,10.000000,0,,,,,"Tesla V100-PCIE-32GB (0)","1","16","Thread_block_grid_1_1_3(float const *, float const *, float*, int, int, int)",3004
19.911475,0.011712,,,,,,,,,,4.000000,333.525444,"Device","Device","Tesla V100-PCIE-32GB (0)","1","16","[CUDA memcpy DtoD]",3006
19.911496,0.356285,,,,,,,,,,4.000000,10.963835,"Device","Pageable","Tesla V100-PCIE-32GB (0)","1","16","[CUDA memcpy DtoH]",3007
20.045198,2.774312,,,,,,,,,,32.000000,11.264054,"Pageable","Device","Tesla V100-PCIE-32GB (0)","1","16","[CUDA memcpy HtoD]",3017
20.047982,2.733129,,,,,,,,,,32.000000,11.433782,"Pageable","Device","Tesla V100-PCIE-32GB (0)","1","17","[CUDA memcpy HtoD]",3018
20.050724,0.060479,32,1024,1,32,1,1,16,0.000000,0,,,,,"Tesla V100-PCIE-32GB (0)","1","16","initialize_matmul_result_1_0_1(float*, int, int)",3021
20.050786,2.019056,8,32,1,128,1,1,112,10.000000,0,,,,,"Tesla V100-PCIE-32GB (0)","1","16","Thread_block_grid_1_1_3(float const *, float const *, float*, int, int, int)",3022
20.052833,0.011936,,,,,,,,,,4.000000,327.266253,"Device","Device","Tesla V100-PCIE-32GB (0)","1","16","[CUDA memcpy DtoD]",3024
20.052848,0.334109,,,,,,,,,,4.000000,11.691544,"Device","Pageable","Tesla V100-PCIE-32GB (0)","1","16","[CUDA memcpy DtoH]",3025
20.183530,2.966631,,,,,,,,,,32.000000,10.533835,"Pageable","Device","Tesla V100-PCIE-32GB (0)","1","16","[CUDA memcpy HtoD]",3035
20.186511,3.151270,,,,,,,,,,32.000000,9.916637,"Pageable","Device","Tesla V100-PCIE-32GB (0)","1","17","[CUDA memcpy HtoD]",3036
20.189673,0.060512,32,1024,1,32,1,1,16,0.000000,0,,,,,"Tesla V100-PCIE-32GB (0)","1","16","initialize_matmul_result_1_0_1(float*, int, int)",3039
20.189734,2.018159,8,32,1,128,1,1,112,10.000000,0,,,,,"Tesla V100-PCIE-32GB (0)","1","16","Thread_block_grid_1_1_3(float const *, float const *, float*, int, int, int)",3040
20.191780,0.011968,,,,,,,,,,4.000000,326.391210,"Device","Device","Tesla V100-PCIE-32GB (0)","1","16","[CUDA memcpy DtoD]",3042
20.191796,0.356221,,,,,,,,,,4.000000,10.965805,"Device","Pageable","Tesla V100-PCIE-32GB (0)","1","16","[CUDA memcpy DtoH]",3043
20.319940,2.774185,,,,,,,,,,32.000000,11.264570,"Pageable","Device","Tesla V100-PCIE-32GB (0)","1","16","[CUDA memcpy HtoD]",3053
20.322718,2.733001,,,,,,,,,,32.000000,11.434317,"Pageable","Device","Tesla V100-PCIE-32GB (0)","1","17","[CUDA memcpy HtoD]",3054
20.325458,0.060287,32,1024,1,32,1,1,16,0.000000,0,,,,,"Tesla V100-PCIE-32GB (0)","1","16","initialize_matmul_result_1_0_1(float*, int, int)",3057
20.325519,2.021839,8,32,1,128,1,1,112,10.000000,0,,,,,"Tesla V100-PCIE-32GB (0)","1","16","Thread_block_grid_1_1_3(float const *, float const *, float*, int, int, int)",3058
20.327567,0.012704,,,,,,,,,,4.000000,307.481895,"Device","Device","Tesla V100-PCIE-32GB (0)","1","16","[CUDA memcpy DtoD]",3060
20.327584,0.329597,,,,,,,,,,4.000000,11.851595,"Device","Pageable","Tesla V100-PCIE-32GB (0)","1","16","[CUDA memcpy DtoH]",3061
20.459425,2.921160,,,,,,,,,,32.000000,10.697805,"Pageable","Device","Tesla V100-PCIE-32GB (0)","1","16","[CUDA memcpy HtoD]",3071
20.462403,3.015367,,,,,,,,,,32.000000,10.363581,"Pageable","Device","Tesla V100-PCIE-32GB (0)","1","17","[CUDA memcpy HtoD]",3072
20.465426,0.060511,32,1024,1,32,1,1,16,0.000000,0,,,,,"Tesla V100-PCIE-32GB (0)","1","16","initialize_matmul_result_1_0_1(float*, int, int)",3075
20.465488,2.020911,8,32,1,128,1,1,112,10.000000,0,,,,,"Tesla V100-PCIE-32GB (0)","1","16","Thread_block_grid_1_1_3(float const *, float const *, float*, int, int, int)",3076
20.467535,0.011968,,,,,,,,,,4.000000,326.391210,"Device","Device","Tesla V100-PCIE-32GB (0)","1","16","[CUDA memcpy DtoD]",3078
20.467550,0.341821,,,,,,,,,,4.000000,11.427765,"Device","Pageable","Tesla V100-PCIE-32GB (0)","1","16","[CUDA memcpy DtoH]",3079
20.599527,2.980167,,,,,,,,,,32.000000,10.485990,"Pageable","Device","Tesla V100-PCIE-32GB (0)","1","16","[CUDA memcpy HtoD]",3089
20.602519,2.873480,,,,,,,,,,32.000000,10.875315,"Pageable","Device","Tesla V100-PCIE-32GB (0)","1","17","[CUDA memcpy HtoD]",3090
20.605399,0.060223,32,1024,1,32,1,1,16,0.000000,0,,,,,"Tesla V100-PCIE-32GB (0)","1","16","initialize_matmul_result_1_0_1(float*, int, int)",3093
20.605460,2.019600,8,32,1,128,1,1,112,10.000000,0,,,,,"Tesla V100-PCIE-32GB (0)","1","16","Thread_block_grid_1_1_3(float const *, float const *, float*, int, int, int)",3094
20.607506,0.012224,,,,,,,,,,4.000000,319.555792,"Device","Device","Tesla V100-PCIE-32GB (0)","1","16","[CUDA memcpy DtoD]",3096
20.607522,0.366109,,,,,,,,,,4.000000,10.669637,"Device","Pageable","Tesla V100-PCIE-32GB (0)","1","16","[CUDA memcpy DtoH]",3097
20.738935,3.229413,,,,,,,,,,32.000000,9.676681,"Pageable","Device","Tesla V100-PCIE-32GB (0)","1","16","[CUDA memcpy HtoD]",3107
20.742187,2.753097,,,,,,,,,,32.000000,11.350853,"Pageable","Device","Tesla V100-PCIE-32GB (0)","1","17","[CUDA memcpy HtoD]",3108
20.744950,0.060383,32,1024,1,32,1,1,16,0.000000,0,,,,,"Tesla V100-PCIE-32GB (0)","1","16","initialize_matmul_result_1_0_1(float*, int, int)",3111
20.745012,2.016368,8,32,1,128,1,1,112,10.000000,0,,,,,"Tesla V100-PCIE-32GB (0)","1","16","Thread_block_grid_1_1_3(float const *, float const *, float*, int, int, int)",3112
20.747060,0.011552,,,,,,,,,,4.000000,338.144910,"Device","Device","Tesla V100-PCIE-32GB (0)","1","16","[CUDA memcpy DtoD]",3114
20.747080,0.377821,,,,,,,,,,4.000000,10.338891,"Device","Pageable","Tesla V100-PCIE-32GB (0)","1","16","[CUDA memcpy DtoH]",3115
20.879241,3.009127,,,,,,,,,,32.000000,10.385072,"Pageable","Device","Tesla V100-PCIE-32GB (0)","1","16","[CUDA memcpy HtoD]",3125
20.882263,2.733513,,,,,,,,,,32.000000,11.432175,"Pageable","Device","Tesla V100-PCIE-32GB (0)","1","17","[CUDA memcpy HtoD]",3126
20.885001,0.060256,32,1024,1,32,1,1,16,0.000000,0,,,,,"Tesla V100-PCIE-32GB (0)","1","16","initialize_matmul_result_1_0_1(float*, int, int)",3129
20.885062,2.021518,8,32,1,128,1,1,112,10.000000,0,,,,,"Tesla V100-PCIE-32GB (0)","1","16","Thread_block_grid_1_1_3(float const *, float const *, float*, int, int, int)",3130
20.887111,0.011968,,,,,,,,,,4.000000,326.391210,"Device","Device","Tesla V100-PCIE-32GB (0)","1","16","[CUDA memcpy DtoD]",3132
20.887152,0.364893,,,,,,,,,,4.000000,10.705193,"Device","Pageable","Tesla V100-PCIE-32GB (0)","1","16","[CUDA memcpy DtoH]",3133
21.019451,3.202789,,,,,,,,,,32.000000,9.757121,"Pageable","Device","Tesla V100-PCIE-32GB (0)","1","16","[CUDA memcpy HtoD]",3143
21.022670,2.753289,,,,,,,,,,32.000000,11.350062,"Pageable","Device","Tesla V100-PCIE-32GB (0)","1","17","[CUDA memcpy HtoD]",3144
21.025435,0.060479,32,1024,1,32,1,1,16,0.000000,0,,,,,"Tesla V100-PCIE-32GB (0)","1","16","initialize_matmul_result_1_0_1(float*, int, int)",3147
21.025496,2.018927,8,32,1,128,1,1,112,10.000000,0,,,,,"Tesla V100-PCIE-32GB (0)","1","16","Thread_block_grid_1_1_3(float const *, float const *, float*, int, int, int)",3148
21.027546,0.011968,,,,,,,,,,4.000000,326.391210,"Device","Device","Tesla V100-PCIE-32GB (0)","1","16","[CUDA memcpy DtoD]",3150
21.027566,0.374461,,,,,,,,,,4.000000,10.431660,"Device","Pageable","Tesla V100-PCIE-32GB (0)","1","16","[CUDA memcpy DtoH]",3151
21.160484,3.004327,,,,,,,,,,32.000000,10.401664,"Pageable","Device","Tesla V100-PCIE-32GB (0)","1","16","[CUDA memcpy HtoD]",3161
21.163492,2.862984,,,,,,,,,,32.000000,10.915185,"Pageable","Device","Tesla V100-PCIE-32GB (0)","1","17","[CUDA memcpy HtoD]",3162
21.166361,0.060255,32,1024,1,32,1,1,16,0.000000,0,,,,,"Tesla V100-PCIE-32GB (0)","1","16","initialize_matmul_result_1_0_1(float*, int, int)",3165
21.166422,2.017872,8,32,1,128,1,1,112,10.000000,0,,,,,"Tesla V100-PCIE-32GB (0)","1","16","Thread_block_grid_1_1_3(float const *, float const *, float*, int, int, int)",3166
21.168469,0.011744,,,,,,,,,,4.000000,332.616655,"Device","Device","Tesla V100-PCIE-32GB (0)","1","16","[CUDA memcpy DtoD]",3168
21.168488,0.365948,,,,,,,,,,4.000000,10.674331,"Device","Pageable","Tesla V100-PCIE-32GB (0)","1","16","[CUDA memcpy DtoH]",3169
21.297954,3.193029,,,,,,,,,,32.000000,9.786945,"Pageable","Device","Tesla V100-PCIE-32GB (0)","1","16","[CUDA memcpy HtoD]",3179
21.301161,2.735209,,,,,,,,,,32.000000,11.425087,"Pageable","Device","Tesla V100-PCIE-32GB (0)","1","17","[CUDA memcpy HtoD]",3180
21.303901,0.060255,32,1024,1,32,1,1,16,0.000000,0,,,,,"Tesla V100-PCIE-32GB (0)","1","16","initialize_matmul_result_1_0_1(float*, int, int)",3183
21.303962,2.017551,8,32,1,128,1,1,112,10.000000,0,,,,,"Tesla V100-PCIE-32GB (0)","1","16","Thread_block_grid_1_1_3(float const *, float const *, float*, int, int, int)",3184
21.306006,0.011872,,,,,,,,,,4.000000,329.030492,"Device","Device","Tesla V100-PCIE-32GB (0)","1","16","[CUDA memcpy DtoD]",3186
21.306025,0.368797,,,,,,,,,,4.000000,10.591870,"Device","Pageable","Tesla V100-PCIE-32GB (0)","1","16","[CUDA memcpy DtoH]",3187
21.436888,2.977863,,,,,,,,,,32.000000,10.494103,"Pageable","Device","Tesla V100-PCIE-32GB (0)","1","16","[CUDA memcpy HtoD]",3197
21.439892,2.734665,,,,,,,,,,32.000000,11.427359,"Pageable","Device","Tesla V100-PCIE-32GB (0)","1","17","[CUDA memcpy HtoD]",3198
21.442632,0.060480,32,1024,1,32,1,1,16,0.000000,0,,,,,"Tesla V100-PCIE-32GB (0)","1","16","initialize_matmul_result_1_0_1(float*, int, int)",3201
21.442693,2.016942,8,32,1,128,1,1,112,10.000000,0,,,,,"Tesla V100-PCIE-32GB (0)","1","16","Thread_block_grid_1_1_3(float const *, float const *, float*, int, int, int)",3202
21.444737,0.012032,,,,,,,,,,4.000000,324.655086,"Device","Device","Tesla V100-PCIE-32GB (0)","1","16","[CUDA memcpy DtoD]",3204
21.444754,0.369565,,,,,,,,,,4.000000,10.569859,"Device","Pageable","Tesla V100-PCIE-32GB (0)","1","16","[CUDA memcpy DtoH]",3205
21.574688,3.277732,,,,,,,,,,32.000000,9.534031,"Pageable","Device","Tesla V100-PCIE-32GB (0)","1","16","[CUDA memcpy HtoD]",3215
21.577992,2.736393,,,,,,,,,,32.000000,11.420143,"Pageable","Device","Tesla V100-PCIE-32GB (0)","1","17","[CUDA memcpy HtoD]",3216
21.580736,0.060640,32,1024,1,32,1,1,16,0.000000,0,,,,,"Tesla V100-PCIE-32GB (0)","1","16","initialize_matmul_result_1_0_1(float*, int, int)",3219
21.580798,2.014927,8,32,1,128,1,1,112,10.000000,0,,,,,"Tesla V100-PCIE-32GB (0)","1","16","Thread_block_grid_1_1_3(float const *, float const *, float*, int, int, int)",3220
21.582841,0.011583,,,,,,,,,,4.000000,337.239921,"Device","Device","Tesla V100-PCIE-32GB (0)","1","16","[CUDA memcpy DtoD]",3222
21.582858,0.372093,,,,,,,,,,4.000000,10.498048,"Device","Pageable","Tesla V100-PCIE-32GB (0)","1","16","[CUDA memcpy DtoH]",3223
21.714815,2.991527,,,,,,,,,,32.000000,10.446170,"Pageable","Device","Tesla V100-PCIE-32GB (0)","1","16","[CUDA memcpy HtoD]",3233
21.717821,2.734441,,,,,,,,,,32.000000,11.428296,"Pageable","Device","Tesla V100-PCIE-32GB (0)","1","17","[CUDA memcpy HtoD]",3234
21.720564,0.060287,32,1024,1,32,1,1,16,0.000000,0,,,,,"Tesla V100-PCIE-32GB (0)","1","16","initialize_matmul_result_1_0_1(float*, int, int)",3237
21.720626,2.017391,8,32,1,128,1,1,112,10.000000,0,,,,,"Tesla V100-PCIE-32GB (0)","1","16","Thread_block_grid_1_1_3(float const *, float const *, float*, int, int, int)",3238
21.722676,0.011808,,,,,,,,,,4.000000,330.813855,"Device","Device","Tesla V100-PCIE-32GB (0)","1","16","[CUDA memcpy DtoD]",3240
21.722692,0.366525,,,,,,,,,,4.000000,10.657527,"Device","Pageable","Tesla V100-PCIE-32GB (0)","1","16","[CUDA memcpy DtoH]",3241
21.858426,3.160645,,,,,,,,,,32.000000,9.887222,"Pageable","Device","Tesla V100-PCIE-32GB (0)","1","16","[CUDA memcpy HtoD]",3251
21.861590,2.732362,,,,,,,,,,32.000000,11.436991,"Pageable","Device","Tesla V100-PCIE-32GB (0)","1","17","[CUDA memcpy HtoD]",3252
21.864333,0.060287,32,1024,1,32,1,1,16,0.000000,0,,,,,"Tesla V100-PCIE-32GB (0)","1","16","initialize_matmul_result_1_0_1(float*, int, int)",3255
21.864394,2.019311,8,32,1,128,1,1,112,10.000000,0,,,,,"Tesla V100-PCIE-32GB (0)","1","16","Thread_block_grid_1_1_3(float const *, float const *, float*, int, int, int)",3256
21.866438,0.011968,,,,,,,,,,4.000000,326.391210,"Device","Device","Tesla V100-PCIE-32GB (0)","1","16","[CUDA memcpy DtoD]",3258
21.866452,0.335773,,,,,,,,,,4.000000,11.633604,"Device","Pageable","Tesla V100-PCIE-32GB (0)","1","16","[CUDA memcpy DtoH]",3259
21.996034,2.779497,,,,,,,,,,32.000000,11.243041,"Pageable","Device","Tesla V100-PCIE-32GB (0)","1","16","[CUDA memcpy HtoD]",3269
21.998818,2.954343,,,,,,,,,,32.000000,10.577648,"Pageable","Device","Tesla V100-PCIE-32GB (0)","1","17","[CUDA memcpy HtoD]",3270
22.001781,0.060288,32,1024,1,32,1,1,16,0.000000,0,,,,,"Tesla V100-PCIE-32GB (0)","1","16","initialize_matmul_result_1_0_1(float*, int, int)",3273
22.001842,2.021423,8,32,1,128,1,1,112,10.000000,0,,,,,"Tesla V100-PCIE-32GB (0)","1","16","Thread_block_grid_1_1_3(float const *, float const *, float*, int, int, int)",3274
22.003889,0.012255,,,,,,,,,,4.000000,318.747450,"Device","Device","Tesla V100-PCIE-32GB (0)","1","16","[CUDA memcpy DtoD]",3276
22.003904,0.336446,,,,,,,,,,4.000000,11.610333,"Device","Pageable","Tesla V100-PCIE-32GB (0)","1","16","[CUDA memcpy DtoH]",3277
22.133715,2.788905,,,,,,,,,,32.000000,11.205115,"Pageable","Device","Tesla V100-PCIE-32GB (0)","1","16","[CUDA memcpy HtoD]",3287
22.136507,2.732489,,,,,,,,,,32.000000,11.436460,"Pageable","Device","Tesla V100-PCIE-32GB (0)","1","17","[CUDA memcpy HtoD]",3288
22.139245,0.060223,32,1024,1,32,1,1,16,0.000000,0,,,,,"Tesla V100-PCIE-32GB (0)","1","16","initialize_matmul_result_1_0_1(float*, int, int)",3291
22.139306,2.016431,8,32,1,128,1,1,112,10.000000,0,,,,,"Tesla V100-PCIE-32GB (0)","1","16","Thread_block_grid_1_1_3(float const *, float const *, float*, int, int, int)",3292
22.141349,0.011872,,,,,,,,,,4.000000,329.030492,"Device","Device","Tesla V100-PCIE-32GB (0)","1","16","[CUDA memcpy DtoD]",3294
22.141362,0.335485,,,,,,,,,,4.000000,11.643591,"Device","Pageable","Tesla V100-PCIE-32GB (0)","1","16","[CUDA memcpy DtoH]",3295
22.271415,2.763081,,,,,,,,,,32.000000,11.309839,"Pageable","Device","Tesla V100-PCIE-32GB (0)","1","16","[CUDA memcpy HtoD]",3305
22.274183,2.973351,,,,,,,,,,32.000000,10.510027,"Pageable","Device","Tesla V100-PCIE-32GB (0)","1","17","[CUDA memcpy HtoD]",3306
22.277161,0.060448,32,1024,1,32,1,1,16,0.000000,0,,,,,"Tesla V100-PCIE-32GB (0)","1","16","initialize_matmul_result_1_0_1(float*, int, int)",3309
22.277222,2.017455,8,32,1,128,1,1,112,10.000000,0,,,,,"Tesla V100-PCIE-32GB (0)","1","16","Thread_block_grid_1_1_3(float const *, float const *, float*, int, int, int)",3310
22.279266,0.011616,,,,,,,,,,4.000000,336.281853,"Device","Device","Tesla V100-PCIE-32GB (0)","1","16","[CUDA memcpy DtoD]",3312
22.279280,0.331197,,,,,,,,,,4.000000,11.794340,"Device","Pageable","Tesla V100-PCIE-32GB (0)","1","16","[CUDA memcpy DtoH]",3313
22.408907,3.619873,,,,,,,,,,32.000000,8.632900,"Pageable","Device","Tesla V100-PCIE-32GB (0)","1","16","[CUDA memcpy HtoD]",3323
22.412548,2.731497,,,,,,,,,,32.000000,11.440613,"Pageable","Device","Tesla V100-PCIE-32GB (0)","1","17","[CUDA memcpy HtoD]",3324
22.415287,0.060512,32,1024,1,32,1,1,16,0.000000,0,,,,,"Tesla V100-PCIE-32GB (0)","1","16","initialize_matmul_result_1_0_1(float*, int, int)",3327
22.415349,2.019791,8,32,1,128,1,1,112,10.000000,0,,,,,"Tesla V100-PCIE-32GB (0)","1","16","Thread_block_grid_1_1_3(float const *, float const *, float*, int, int, int)",3328
22.417394,0.012032,,,,,,,,,,4.000000,324.655086,"Device","Device","Tesla V100-PCIE-32GB (0)","1","16","[CUDA memcpy DtoD]",3330
22.417408,0.333853,,,,,,,,,,4.000000,11.700509,"Device","Pageable","Tesla V100-PCIE-32GB (0)","1","16","[CUDA memcpy DtoH]",3331
22.545072,3.082022,,,,,,,,,,32.000000,10.139447,"Pageable","Device","Tesla V100-PCIE-32GB (0)","1","16","[CUDA memcpy HtoD]",3341
22.548179,2.731785,,,,,,,,,,32.000000,11.439407,"Pageable","Device","Tesla V100-PCIE-32GB (0)","1","17","[CUDA memcpy HtoD]",3342
22.550917,0.060576,32,1024,1,32,1,1,16,0.000000,0,,,,,"Tesla V100-PCIE-32GB (0)","1","16","initialize_matmul_result_1_0_1(float*, int, int)",3345
22.550978,2.019055,8,32,1,128,1,1,112,10.000000,0,,,,,"Tesla V100-PCIE-32GB (0)","1","16","Thread_block_grid_1_1_3(float const *, float const *, float*, int, int, int)",3346
22.553026,0.012351,,,,,,,,,,4.000000,316.269938,"Device","Device","Tesla V100-PCIE-32GB (0)","1","16","[CUDA memcpy DtoD]",3348
22.553040,0.329310,,,,,,,,,,4.000000,11.861923,"Device","Pageable","Tesla V100-PCIE-32GB (0)","1","16","[CUDA memcpy DtoH]",3349
22.680845,3.093382,,,,,,,,,,32.000000,10.102212,"Pageable","Device","Tesla V100-PCIE-32GB (0)","1","16","[CUDA memcpy HtoD]",3359
22.683958,2.733449,,,,,,,,,,32.000000,11.432443,"Pageable","Device","Tesla V100-PCIE-32GB (0)","1","17","[CUDA memcpy HtoD]",3360
22.686702,0.060223,32,1024,1,32,1,1,16,0.000000,0,,,,,"Tesla V100-PCIE-32GB (0)","1","16","initialize_matmul_result_1_0_1(float*, int, int)",3363
22.686764,2.018927,8,32,1,128,1,1,112,10.000000,0,,,,,"Tesla V100-PCIE-32GB (0)","1","16","Thread_block_grid_1_1_3(float const *, float const *, float*, int, int, int)",3364
22.688808,0.011872,,,,,,,,,,4.000000,329.030492,"Device","Device","Tesla V100-PCIE-32GB (0)","1","16","[CUDA memcpy DtoD]",3366
22.688823,0.335645,,,,,,,,,,4.000000,11.638040,"Device","Pageable","Tesla V100-PCIE-32GB (0)","1","16","[CUDA memcpy DtoH]",3367
22.816463,3.083591,,,,,,,,,,32.000000,10.134288,"Pageable","Device","Tesla V100-PCIE-32GB (0)","1","16","[CUDA memcpy HtoD]",3377
22.819568,2.750825,,,,,,,,,,32.000000,11.360228,"Pageable","Device","Tesla V100-PCIE-32GB (0)","1","17","[CUDA memcpy HtoD]",3378
22.822326,0.060320,32,1024,1,32,1,1,16,0.000000,0,,,,,"Tesla V100-PCIE-32GB (0)","1","16","initialize_matmul_result_1_0_1(float*, int, int)",3381
22.822388,2.017871,8,32,1,128,1,1,112,10.000000,0,,,,,"Tesla V100-PCIE-32GB (0)","1","16","Thread_block_grid_1_1_3(float const *, float const *, float*, int, int, int)",3382
22.824431,0.011840,,,,,,,,,,4.000000,329.919764,"Device","Device","Tesla V100-PCIE-32GB (0)","1","16","[CUDA memcpy DtoD]",3384
22.824446,0.331421,,,,,,,,,,4.000000,11.786368,"Device","Pageable","Tesla V100-PCIE-32GB (0)","1","16","[CUDA memcpy DtoH]",3385
22.958602,2.779849,,,,,,,,,,32.000000,11.241618,"Pageable","Device","Tesla V100-PCIE-32GB (0)","1","16","[CUDA memcpy HtoD]",3395
22.961443,2.738314,,,,,,,,,,32.000000,11.412132,"Pageable","Device","Tesla V100-PCIE-32GB (0)","1","17","[CUDA memcpy HtoD]",3396
22.964188,0.060448,32,1024,1,32,1,1,16,0.000000,0,,,,,"Tesla V100-PCIE-32GB (0)","1","16","initialize_matmul_result_1_0_1(float*, int, int)",3399
22.964249,2.018607,8,32,1,128,1,1,112,10.000000,0,,,,,"Tesla V100-PCIE-32GB (0)","1","16","Thread_block_grid_1_1_3(float const *, float const *, float*, int, int, int)",3400
22.966293,0.012128,,,,,,,,,,4.000000,322.085257,"Device","Device","Tesla V100-PCIE-32GB (0)","1","16","[CUDA memcpy DtoD]",3402
22.966307,0.332861,,,,,,,,,,4.000000,11.735379,"Device","Pageable","Tesla V100-PCIE-32GB (0)","1","16","[CUDA memcpy DtoH]",3403
23.096618,2.766441,,,,,,,,,,32.000000,11.296102,"Pageable","Device","Tesla V100-PCIE-32GB (0)","1","16","[CUDA memcpy HtoD]",3413
23.099388,2.953671,,,,,,,,,,32.000000,10.580054,"Pageable","Device","Tesla V100-PCIE-32GB (0)","1","17","[CUDA memcpy HtoD]",3414
23.102353,0.060511,32,1024,1,32,1,1,16,0.000000,0,,,,,"Tesla V100-PCIE-32GB (0)","1","16","initialize_matmul_result_1_0_1(float*, int, int)",3417
23.102414,2.015920,8,32,1,128,1,1,112,10.000000,0,,,,,"Tesla V100-PCIE-32GB (0)","1","16","Thread_block_grid_1_1_3(float const *, float const *, float*, int, int, int)",3418
23.104454,0.012032,,,,,,,,,,4.000000,324.655086,"Device","Device","Tesla V100-PCIE-32GB (0)","1","16","[CUDA memcpy DtoD]",3420
23.104468,0.332509,,,,,,,,,,4.000000,11.747802,"Device","Pageable","Tesla V100-PCIE-32GB (0)","1","16","[CUDA memcpy DtoH]",3421
23.232356,3.159429,,,,,,,,,,32.000000,9.891028,"Pageable","Device","Tesla V100-PCIE-32GB (0)","1","16","[CUDA memcpy HtoD]",3431
23.235519,2.732969,,,,,,,,,,32.000000,11.434451,"Pageable","Device","Tesla V100-PCIE-32GB (0)","1","17","[CUDA memcpy HtoD]",3432
23.238259,0.060224,32,1024,1,32,1,1,16,0.000000,0,,,,,"Tesla V100-PCIE-32GB (0)","1","16","initialize_matmul_result_1_0_1(float*, int, int)",3435
23.238320,2.020079,8,32,1,128,1,1,112,10.000000,0,,,,,"Tesla V100-PCIE-32GB (0)","1","16","Thread_block_grid_1_1_3(float const *, float const *, float*, int, int, int)",3436
23.240365,0.011712,,,,,,,,,,4.000000,333.525444,"Device","Device","Tesla V100-PCIE-32GB (0)","1","16","[CUDA memcpy DtoD]",3438
23.240379,0.333949,,,,,,,,,,4.000000,11.697145,"Device","Pageable","Tesla V100-PCIE-32GB (0)","1","16","[CUDA memcpy DtoH]",3439
23.370028,2.784136,,,,,,,,,,32.000000,11.224308,"Pageable","Device","Tesla V100-PCIE-32GB (0)","1","16","[CUDA memcpy HtoD]",3449
23.372819,2.978183,,,,,,,,,,32.000000,10.492975,"Pageable","Device","Tesla V100-PCIE-32GB (0)","1","17","[CUDA memcpy HtoD]",3450
23.375802,0.060576,32,1024,1,32,1,1,16,0.000000,0,,,,,"Tesla V100-PCIE-32GB (0)","1","16","initialize_matmul_result_1_0_1(float*, int, int)",3453
23.375863,2.021039,8,32,1,128,1,1,112,10.000000,0,,,,,"Tesla V100-PCIE-32GB (0)","1","16","Thread_block_grid_1_1_3(float const *, float const *, float*, int, int, int)",3454
23.377909,0.011776,,,,,,,,,,4.000000,331.712806,"Device","Device","Tesla V100-PCIE-32GB (0)","1","16","[CUDA memcpy DtoD]",3456
23.377924,0.335613,,,,,,,,,,4.000000,11.639150,"Device","Pageable","Tesla V100-PCIE-32GB (0)","1","16","[CUDA memcpy DtoH]",3457
23.506051,2.758985,,,,,,,,,,32.000000,11.326629,"Pageable","Device","Tesla V100-PCIE-32GB (0)","1","16","[CUDA memcpy HtoD]",3467
23.508819,2.734025,,,,,,,,,,32.000000,11.430034,"Pageable","Device","Tesla V100-PCIE-32GB (0)","1","17","[CUDA memcpy HtoD]",3468
23.511561,0.060575,32,1024,1,32,1,1,16,0.000000,0,,,,,"Tesla V100-PCIE-32GB (0)","1","16","initialize_matmul_result_1_0_1(float*, int, int)",3471
23.511623,2.018064,8,32,1,128,1,1,112,10.000000,0,,,,,"Tesla V100-PCIE-32GB (0)","1","16","Thread_block_grid_1_1_3(float const *, float const *, float*, int, int, int)",3472
23.513667,0.011999,,,,,,,,,,4.000000,325.547962,"Device","Device","Tesla V100-PCIE-32GB (0)","1","16","[CUDA memcpy DtoD]",3474
23.513682,0.342877,,,,,,,,,,4.000000,11.392569,"Device","Pageable","Tesla V100-PCIE-32GB (0)","1","16","[CUDA memcpy DtoH]",3475
23.642911,2.774856,,,,,,,,,,32.000000,11.261846,"Pageable","Device","Tesla V100-PCIE-32GB (0)","1","16","[CUDA memcpy HtoD]",3485
23.645689,2.960520,,,,,,,,,,32.000000,10.555578,"Pageable","Device","Tesla V100-PCIE-32GB (0)","1","17","[CUDA memcpy HtoD]",3486
23.648658,0.060287,32,1024,1,32,1,1,16,0.000000,0,,,,,"Tesla V100-PCIE-32GB (0)","1","16","initialize_matmul_result_1_0_1(float*, int, int)",3489
23.648720,2.017135,8,32,1,128,1,1,112,10.000000,0,,,,,"Tesla V100-PCIE-32GB (0)","1","16","Thread_block_grid_1_1_3(float const *, float const *, float*, int, int, int)",3490
23.650762,0.012416,,,,,,,,,,4.000000,314.614207,"Device","Device","Tesla V100-PCIE-32GB (0)","1","16","[CUDA memcpy DtoD]",3492
23.650777,0.333693,,,,,,,,,,4.000000,11.706119,"Device","Pageable","Tesla V100-PCIE-32GB (0)","1","16","[CUDA memcpy DtoH]",3493
23.778820,2.770857,,,,,,,,,,32.000000,11.278099,"Pageable","Device","Tesla V100-PCIE-32GB (0)","1","16","[CUDA memcpy HtoD]",3503
23.781594,2.732553,,,,,,,,,,32.000000,11.436192,"Pageable","Device","Tesla V100-PCIE-32GB (0)","1","17","[CUDA memcpy HtoD]",3504
23.784331,0.060256,32,1024,1,32,1,1,16,0.000000,0,,,,,"Tesla V100-PCIE-32GB (0)","1","16","initialize_matmul_result_1_0_1(float*, int, int)",3507
23.784392,2.016847,8,32,1,128,1,1,112,10.000000,0,,,,,"Tesla V100-PCIE-32GB (0)","1","16","Thread_block_grid_1_1_3(float const *, float const *, float*, int, int, int)",3508
23.786434,0.012000,,,,,,,,,,4.000000,325.520833,"Device","Device","Tesla V100-PCIE-32GB (0)","1","16","[CUDA memcpy DtoD]",3510
23.786448,0.334142,,,,,,,,,,4.000000,11.690389,"Device","Pageable","Tesla V100-PCIE-32GB (0)","1","16","[CUDA memcpy DtoH]",3511
23.916193,3.157222,,,,,,,,,,32.000000,9.897942,"Pageable","Device","Tesla V100-PCIE-32GB (0)","1","16","[CUDA memcpy HtoD]",3521
23.919354,2.732841,,,,,,,,,,32.000000,11.434987,"Pageable","Device","Tesla V100-PCIE-32GB (0)","1","17","[CUDA memcpy HtoD]",3522
23.922117,0.060255,32,1024,1,32,1,1,16,0.000000,0,,,,,"Tesla V100-PCIE-32GB (0)","1","16","initialize_matmul_result_1_0_1(float*, int, int)",3525
23.922178,2.024399,8,32,1,128,1,1,112,10.000000,0,,,,,"Tesla V100-PCIE-32GB (0)","1","16","Thread_block_grid_1_1_3(float const *, float const *, float*, int, int, int)",3526
23.924227,0.012288,,,,,,,,,,4.000000,317.891439,"Device","Device","Tesla V100-PCIE-32GB (0)","1","16","[CUDA memcpy DtoD]",3528
23.924242,0.332957,,,,,,,,,,4.000000,11.731995,"Device","Pageable","Tesla V100-PCIE-32GB (0)","1","16","[CUDA memcpy DtoH]",3529
24.053522,2.756233,,,,,,,,,,32.000000,11.337938,"Pageable","Device","Tesla V100-PCIE-32GB (0)","1","16","[CUDA memcpy HtoD]",3539
24.056281,2.959943,,,,,,,,,,32.000000,10.557636,"Pageable","Device","Tesla V100-PCIE-32GB (0)","1","17","[CUDA memcpy HtoD]",3540
24.059247,0.060256,32,1024,1,32,1,1,16,0.000000,0,,,,,"Tesla V100-PCIE-32GB (0)","1","16","initialize_matmul_result_1_0_1(float*, int, int)",3543
24.059308,2.020111,8,32,1,128,1,1,112,10.000000,0,,,,,"Tesla V100-PCIE-32GB (0)","1","16","Thread_block_grid_1_1_3(float const *, float const *, float*, int, int, int)",3544
24.061410,0.011872,,,,,,,,,,4.000000,329.030492,"Device","Device","Tesla V100-PCIE-32GB (0)","1","16","[CUDA memcpy DtoD]",3546
24.061425,0.334237,,,,,,,,,,4.000000,11.687066,"Device","Pageable","Tesla V100-PCIE-32GB (0)","1","16","[CUDA memcpy DtoH]",3547
24.189632,2.782665,,,,,,,,,,32.000000,11.230242,"Pageable","Device","Tesla V100-PCIE-32GB (0)","1","16","[CUDA memcpy HtoD]",3557
24.192418,2.732809,,,,,,,,,,32.000000,11.435120,"Pageable","Device","Tesla V100-PCIE-32GB (0)","1","17","[CUDA memcpy HtoD]",3558
24.195158,0.060319,32,1024,1,32,1,1,16,0.000000,0,,,,,"Tesla V100-PCIE-32GB (0)","1","16","initialize_matmul_result_1_0_1(float*, int, int)",3561
24.195220,2.019759,8,32,1,128,1,1,112,10.000000,0,,,,,"Tesla V100-PCIE-32GB (0)","1","16","Thread_block_grid_1_1_3(float const *, float const *, float*, int, int, int)",3562
24.197264,0.013120,,,,,,,,,,4.000000,297.732470,"Device","Device","Tesla V100-PCIE-32GB (0)","1","16","[CUDA memcpy DtoD]",3564
24.197279,0.331677,,,,,,,,,,4.000000,11.777271,"Device","Pageable","Tesla V100-PCIE-32GB (0)","1","16","[CUDA memcpy DtoH]",3565
24.326856,2.773545,,,,,,,,,,32.000000,11.267169,"Pageable","Device","Tesla V100-PCIE-32GB (0)","1","16","[CUDA memcpy HtoD]",3575
24.329634,2.951047,,,,,,,,,,32.000000,10.589462,"Pageable","Device","Tesla V100-PCIE-32GB (0)","1","17","[CUDA memcpy HtoD]",3576
24.332592,0.060288,32,1024,1,32,1,1,16,0.000000,0,,,,,"Tesla V100-PCIE-32GB (0)","1","16","initialize_matmul_result_1_0_1(float*, int, int)",3579
24.332654,2.017935,8,32,1,128,1,1,112,10.000000,0,,,,,"Tesla V100-PCIE-32GB (0)","1","16","Thread_block_grid_1_1_3(float const *, float const *, float*, int, int, int)",3580
24.334696,0.012064,,,,,,,,,,4.000000,323.793932,"Device","Device","Tesla V100-PCIE-32GB (0)","1","16","[CUDA memcpy DtoD]",3582
24.334711,0.334525,,,,,,,,,,4.000000,11.677005,"Device","Pageable","Tesla V100-PCIE-32GB (0)","1","16","[CUDA memcpy DtoH]",3583
24.462879,2.766217,,,,,,,,,,32.000000,11.297017,"Pageable","Device","Tesla V100-PCIE-32GB (0)","1","16","[CUDA memcpy HtoD]",3593
24.465649,2.733737,,,,,,,,,,32.000000,11.431239,"Pageable","Device","Tesla V100-PCIE-32GB (0)","1","17","[CUDA memcpy HtoD]",3594
24.468391,0.060319,32,1024,1,32,1,1,16,0.000000,0,,,,,"Tesla V100-PCIE-32GB (0)","1","16","initialize_matmul_result_1_0_1(float*, int, int)",3597
24.468452,2.018544,8,32,1,128,1,1,112,10.000000,0,,,,,"Tesla V100-PCIE-32GB (0)","1","16","Thread_block_grid_1_1_3(float const *, float const *, float*, int, int, int)",3598
24.470495,0.012032,,,,,,,,,,4.000000,324.655086,"Device","Device","Tesla V100-PCIE-32GB (0)","1","16","[CUDA memcpy DtoD]",3600
24.470509,0.332157,,,,,,,,,,4.000000,11.760252,"Device","Pageable","Tesla V100-PCIE-32GB (0)","1","16","[CUDA memcpy DtoH]",3601
24.600560,2.773384,,,,,,,,,,32.000000,11.267823,"Pageable","Device","Tesla V100-PCIE-32GB (0)","1","16","[CUDA memcpy HtoD]",3611
24.603341,2.733258,,,,,,,,,,32.000000,11.433242,"Pageable","Device","Tesla V100-PCIE-32GB (0)","1","17","[CUDA memcpy HtoD]",3612
24.606084,0.060224,32,1024,1,32,1,1,16,0.000000,0,,,,,"Tesla V100-PCIE-32GB (0)","1","16","initialize_matmul_result_1_0_1(float*, int, int)",3615
24.606145,2.018191,8,32,1,128,1,1,112,10.000000,0,,,,,"Tesla V100-PCIE-32GB (0)","1","16","Thread_block_grid_1_1_3(float const *, float const *, float*, int, int, int)",3616
24.608222,0.012031,,,,,,,,,,4.000000,324.682071,"Device","Device","Tesla V100-PCIE-32GB (0)","1","16","[CUDA memcpy DtoD]",3618
24.608235,0.332381,,,,,,,,,,4.000000,11.752326,"Device","Pageable","Tesla V100-PCIE-32GB (0)","1","16","[CUDA memcpy DtoH]",3619
24.737200,3.303780,,,,,,,,,,32.000000,9.458862,"Pageable","Device","Tesla V100-PCIE-32GB (0)","1","16","[CUDA memcpy HtoD]",3629
24.740508,2.741705,,,,,,,,,,32.000000,11.398017,"Pageable","Device","Tesla V100-PCIE-32GB (0)","1","17","[CUDA memcpy HtoD]",3630
24.743257,0.060288,32,1024,1,32,1,1,16,0.000000,0,,,,,"Tesla V100-PCIE-32GB (0)","1","16","initialize_matmul_result_1_0_1(float*, int, int)",3633
24.743318,2.019439,8,32,1,128,1,1,112,10.000000,0,,,,,"Tesla V100-PCIE-32GB (0)","1","16","Thread_block_grid_1_1_3(float const *, float const *, float*, int, int, int)",3634
24.745361,0.011871,,,,,,,,,,4.000000,329.058209,"Device","Device","Tesla V100-PCIE-32GB (0)","1","16","[CUDA memcpy DtoD]",3636
24.745376,0.333886,,,,,,,,,,4.000000,11.699352,"Device","Pageable","Tesla V100-PCIE-32GB (0)","1","16","[CUDA memcpy DtoH]",3637
24.875314,3.161158,,,,,,,,,,32.000000,9.885618,"Pageable","Device","Tesla V100-PCIE-32GB (0)","1","16","[CUDA memcpy HtoD]",3647
24.878479,2.733161,,,,,,,,,,32.000000,11.433648,"Pageable","Device","Tesla V100-PCIE-32GB (0)","1","17","[CUDA memcpy HtoD]",3648
24.881219,0.060223,32,1024,1,32,1,1,16,0.000000,0,,,,,"Tesla V100-PCIE-32GB (0)","1","16","initialize_matmul_result_1_0_1(float*, int, int)",3651
24.881281,2.018191,8,32,1,128,1,1,112,10.000000,0,,,,,"Tesla V100-PCIE-32GB (0)","1","16","Thread_block_grid_1_1_3(float const *, float const *, float*, int, int, int)",3652
24.883323,0.012512,,,,,,,,,,4.000000,312.200288,"Device","Device","Tesla V100-PCIE-32GB (0)","1","16","[CUDA memcpy DtoD]",3654
24.883338,0.334589,,,,,,,,,,4.000000,11.674771,"Device","Pageable","Tesla V100-PCIE-32GB (0)","1","16","[CUDA memcpy DtoH]",3655
25.012832,2.994087,,,,,,,,,,32.000000,10.437238,"Pageable","Device","Tesla V100-PCIE-32GB (0)","1","16","[CUDA memcpy HtoD]",3665
25.015833,2.732009,,,,,,,,,,32.000000,11.438469,"Pageable","Device","Tesla V100-PCIE-32GB (0)","1","17","[CUDA memcpy HtoD]",3666
25.018571,0.060512,32,1024,1,32,1,1,16,0.000000,0,,,,,"Tesla V100-PCIE-32GB (0)","1","16","initialize_matmul_result_1_0_1(float*, int, int)",3669
25.018632,2.017423,8,32,1,128,1,1,112,10.000000,0,,,,,"Tesla V100-PCIE-32GB (0)","1","16","Thread_block_grid_1_1_3(float const *, float const *, float*, int, int, int)",3670
25.020674,0.012511,,,,,,,,,,4.000000,312.225242,"Device","Device","Tesla V100-PCIE-32GB (0)","1","16","[CUDA memcpy DtoD]",3672
25.020689,0.330782,,,,,,,,,,4.000000,11.809137,"Device","Pageable","Tesla V100-PCIE-32GB (0)","1","16","[CUDA memcpy DtoH]",3673
25.149817,2.765577,,,,,,,,,,32.000000,11.299631,"Pageable","Device","Tesla V100-PCIE-32GB (0)","1","16","[CUDA memcpy HtoD]",3683
25.152587,2.732874,,,,,,,,,,32.000000,11.434848,"Pageable","Device","Tesla V100-PCIE-32GB (0)","1","17","[CUDA memcpy HtoD]",3684
25.155325,0.060288,32,1024,1,32,1,1,16,0.000000,0,,,,,"Tesla V100-PCIE-32GB (0)","1","16","initialize_matmul_result_1_0_1(float*, int, int)",3687
25.155387,2.020495,8,32,1,128,1,1,112,10.000000,0,,,,,"Tesla V100-PCIE-32GB (0)","1","16","Thread_block_grid_1_1_3(float const *, float const *, float*, int, int, int)",3688
25.157433,0.012320,,,,,,,,,,4.000000,317.065747,"Device","Device","Tesla V100-PCIE-32GB (0)","1","16","[CUDA memcpy DtoD]",3690
25.157446,0.333501,,,,,,,,,,4.000000,11.712858,"Device","Pageable","Tesla V100-PCIE-32GB (0)","1","16","[CUDA memcpy DtoH]",3691
25.286992,3.155494,,,,,,,,,,32.000000,9.903362,"Pageable","Device","Tesla V100-PCIE-32GB (0)","1","16","[CUDA memcpy HtoD]",3701
25.290151,2.732201,,,,,,,,,,32.000000,11.437665,"Pageable","Device","Tesla V100-PCIE-32GB (0)","1","17","[CUDA memcpy HtoD]",3702
25.292892,0.060287,32,1024,1,32,1,1,16,0.000000,0,,,,,"Tesla V100-PCIE-32GB (0)","1","16","initialize_matmul_result_1_0_1(float*, int, int)",3705
25.292953,2.017520,8,32,1,128,1,1,112,10.000000,0,,,,,"Tesla V100-PCIE-32GB (0)","1","16","Thread_block_grid_1_1_3(float const *, float const *, float*, int, int, int)",3706
25.294994,0.012032,,,,,,,,,,4.000000,324.655086,"Device","Device","Tesla V100-PCIE-32GB (0)","1","16","[CUDA memcpy DtoD]",3708
25.295009,0.330461,,,,,,,,,,4.000000,11.820608,"Device","Pageable","Tesla V100-PCIE-32GB (0)","1","16","[CUDA memcpy DtoH]",3709
25.423653,3.000456,,,,,,,,,,32.000000,10.415084,"Pageable","Device","Tesla V100-PCIE-32GB (0)","1","16","[CUDA memcpy HtoD]",3719
25.426658,2.732617,,,,,,,,,,32.000000,11.435924,"Pageable","Device","Tesla V100-PCIE-32GB (0)","1","17","[CUDA memcpy HtoD]",3720
25.429394,0.060319,32,1024,1,32,1,1,16,0.000000,0,,,,,"Tesla V100-PCIE-32GB (0)","1","16","initialize_matmul_result_1_0_1(float*, int, int)",3723
25.429455,2.015983,8,32,1,128,1,1,112,10.000000,0,,,,,"Tesla V100-PCIE-32GB (0)","1","16","Thread_block_grid_1_1_3(float const *, float const *, float*, int, int, int)",3724
25.431496,0.011392,,,,,,,,,,4.000000,342.894136,"Device","Device","Tesla V100-PCIE-32GB (0)","1","16","[CUDA memcpy DtoD]",3726
25.431509,0.333853,,,,,,,,,,4.000000,11.700509,"Device","Pageable","Tesla V100-PCIE-32GB (0)","1","16","[CUDA memcpy DtoH]",3727
25.560997,3.182341,,,,,,,,,,32.000000,9.819815,"Pageable","Device","Tesla V100-PCIE-32GB (0)","1","16","[CUDA memcpy HtoD]",3737
25.564183,2.733258,,,,,,,,,,32.000000,11.433242,"Pageable","Device","Tesla V100-PCIE-32GB (0)","1","17","[CUDA memcpy HtoD]",3738
25.566922,0.060352,32,1024,1,32,1,1,16,0.000000,0,,,,,"Tesla V100-PCIE-32GB (0)","1","16","initialize_matmul_result_1_0_1(float*, int, int)",3741
25.566983,2.020079,8,32,1,128,1,1,112,10.000000,0,,,,,"Tesla V100-PCIE-32GB (0)","1","16","Thread_block_grid_1_1_3(float const *, float const *, float*, int, int, int)",3742
25.569031,0.012320,,,,,,,,,,4.000000,317.065747,"Device","Device","Tesla V100-PCIE-32GB (0)","1","16","[CUDA memcpy DtoD]",3744
25.569046,0.336029,,,,,,,,,,4.000000,11.624741,"Device","Pageable","Tesla V100-PCIE-32GB (0)","1","16","[CUDA memcpy DtoH]",3745
25.697715,3.003271,,,,,,,,,,32.000000,10.405321,"Pageable","Device","Tesla V100-PCIE-32GB (0)","1","16","[CUDA memcpy HtoD]",3755
25.700722,2.739849,,,,,,,,,,32.000000,11.405738,"Pageable","Device","Tesla V100-PCIE-32GB (0)","1","17","[CUDA memcpy HtoD]",3756
25.703466,0.060287,32,1024,1,32,1,1,16,0.000000,0,,,,,"Tesla V100-PCIE-32GB (0)","1","16","initialize_matmul_result_1_0_1(float*, int, int)",3759
25.703527,2.019567,8,32,1,128,1,1,112,10.000000,0,,,,,"Tesla V100-PCIE-32GB (0)","1","16","Thread_block_grid_1_1_3(float const *, float const *, float*, int, int, int)",3760
25.705571,0.011456,,,,,,,,,,4.000000,340.978527,"Device","Device","Tesla V100-PCIE-32GB (0)","1","16","[CUDA memcpy DtoD]",3762
25.705618,0.333629,,,,,,,,,,4.000000,11.708365,"Device","Pageable","Tesla V100-PCIE-32GB (0)","1","16","[CUDA memcpy DtoH]",3763
25.838703,3.001127,,,,,,,,,,32.000000,10.412755,"Pageable","Device","Tesla V100-PCIE-32GB (0)","1","16","[CUDA memcpy HtoD]",3773
25.841735,2.891047,,,,,,,,,,32.000000,10.809233,"Pageable","Device","Tesla V100-PCIE-32GB (0)","1","17","[CUDA memcpy HtoD]",3774
25.844633,0.060256,32,1024,1,32,1,1,16,0.000000,0,,,,,"Tesla V100-PCIE-32GB (0)","1","16","initialize_matmul_result_1_0_1(float*, int, int)",3777
25.844695,2.017583,8,32,1,128,1,1,112,10.000000,0,,,,,"Tesla V100-PCIE-32GB (0)","1","16","Thread_block_grid_1_1_3(float const *, float const *, float*, int, int, int)",3778
25.846745,0.011744,,,,,,,,,,4.000000,332.616655,"Device","Device","Tesla V100-PCIE-32GB (0)","1","16","[CUDA memcpy DtoD]",3780
25.846765,0.371453,,,,,,,,,,4.000000,10.516135,"Device","Pageable","Tesla V100-PCIE-32GB (0)","1","16","[CUDA memcpy DtoH]",3781
25.983279,3.088486,,,,,,,,,,32.000000,10.118226,"Pageable","Device","Tesla V100-PCIE-32GB (0)","1","16","[CUDA memcpy HtoD]",3791
25.986382,2.738985,,,,,,,,,,32.000000,11.409336,"Pageable","Device","Tesla V100-PCIE-32GB (0)","1","17","[CUDA memcpy HtoD]",3792
25.989130,0.060480,32,1024,1,32,1,1,16,0.000000,0,,,,,"Tesla V100-PCIE-32GB (0)","1","16","initialize_matmul_result_1_0_1(float*, int, int)",3795
25.989192,2.019407,8,32,1,128,1,1,112,10.000000,0,,,,,"Tesla V100-PCIE-32GB (0)","1","16","Thread_block_grid_1_1_3(float const *, float const *, float*, int, int, int)",3796
25.991238,0.011743,,,,,,,,,,4.000000,332.644980,"Device","Device","Tesla V100-PCIE-32GB (0)","1","16","[CUDA memcpy DtoD]",3798
25.991253,0.383389,,,,,,,,,,4.000000,10.188738,"Device","Pageable","Tesla V100-PCIE-32GB (0)","1","16","[CUDA memcpy DtoH]",3799
26.124389,2.988967,,,,,,,,,,32.000000,10.455117,"Pageable","Device","Tesla V100-PCIE-32GB (0)","1","16","[CUDA memcpy HtoD]",3809
26.127382,2.736105,,,,,,,,,,32.000000,11.421345,"Pageable","Device","Tesla V100-PCIE-32GB (0)","1","17","[CUDA memcpy HtoD]",3810
26.130124,0.060288,32,1024,1,32,1,1,16,0.000000,0,,,,,"Tesla V100-PCIE-32GB (0)","1","16","initialize_matmul_result_1_0_1(float*, int, int)",3813
26.130186,2.017743,8,32,1,128,1,1,112,10.000000,0,,,,,"Tesla V100-PCIE-32GB (0)","1","16","Thread_block_grid_1_1_3(float const *, float const *, float*, int, int, int)",3814
26.132232,0.011680,,,,,,,,,,4.000000,334.439212,"Device","Device","Tesla V100-PCIE-32GB (0)","1","16","[CUDA memcpy DtoD]",3816
26.132250,0.365053,,,,,,,,,,4.000000,10.700501,"Device","Pageable","Tesla V100-PCIE-32GB (0)","1","16","[CUDA memcpy DtoH]",3817
26.262970,3.360100,,,,,,,,,,32.000000,9.300318,"Pageable","Device","Tesla V100-PCIE-32GB (0)","1","16","[CUDA memcpy HtoD]",3827
26.266364,2.733993,,,,,,,,,,32.000000,11.430168,"Pageable","Device","Tesla V100-PCIE-32GB (0)","1","17","[CUDA memcpy HtoD]",3828
26.269107,0.060447,32,1024,1,32,1,1,16,0.000000,0,,,,,"Tesla V100-PCIE-32GB (0)","1","16","initialize_matmul_result_1_0_1(float*, int, int)",3831
26.269168,2.018767,8,32,1,128,1,1,112,10.000000,0,,,,,"Tesla V100-PCIE-32GB (0)","1","16","Thread_block_grid_1_1_3(float const *, float const *, float*, int, int, int)",3832
26.271214,0.012224,,,,,,,,,,4.000000,319.555792,"Device","Device","Tesla V100-PCIE-32GB (0)","1","16","[CUDA memcpy DtoD]",3834
26.271229,0.369277,,,,,,,,,,4.000000,10.578103,"Device","Pageable","Tesla V100-PCIE-32GB (0)","1","16","[CUDA memcpy DtoH]",3835
26.403246,3.155686,,,,,,,,,,32.000000,9.902760,"Pageable","Device","Tesla V100-PCIE-32GB (0)","1","16","[CUDA memcpy HtoD]",3845
26.406406,2.732745,,,,,,,,,,32.000000,11.435388,"Pageable","Device","Tesla V100-PCIE-32GB (0)","1","17","[CUDA memcpy HtoD]",3846
26.409142,0.060223,32,1024,1,32,1,1,16,0.000000,0,,,,,"Tesla V100-PCIE-32GB (0)","1","16","initialize_matmul_result_1_0_1(float*, int, int)",3849
26.409203,2.019216,8,32,1,128,1,1,112,10.000000,0,,,,,"Tesla V100-PCIE-32GB (0)","1","16","Thread_block_grid_1_1_3(float const *, float const *, float*, int, int, int)",3850
26.411250,0.011839,,,,,,,,,,4.000000,329.947631,"Device","Device","Tesla V100-PCIE-32GB (0)","1","16","[CUDA memcpy DtoD]",3852
26.411263,0.333022,,,,,,,,,,4.000000,11.729706,"Device","Pageable","Tesla V100-PCIE-32GB (0)","1","16","[CUDA memcpy DtoH]",3853
26.547146,3.157861,,,,,,,,,,32.000000,9.895939,"Pageable","Device","Tesla V100-PCIE-32GB (0)","1","16","[CUDA memcpy HtoD]",3863
26.550323,2.733161,,,,,,,,,,32.000000,11.433648,"Pageable","Device","Tesla V100-PCIE-32GB (0)","1","17","[CUDA memcpy HtoD]",3864
26.553065,0.060288,32,1024,1,32,1,1,16,0.000000,0,,,,,"Tesla V100-PCIE-32GB (0)","1","16","initialize_matmul_result_1_0_1(float*, int, int)",3867
26.553126,2.019055,8,32,1,128,1,1,112,10.000000,0,,,,,"Tesla V100-PCIE-32GB (0)","1","16","Thread_block_grid_1_1_3(float const *, float const *, float*, int, int, int)",3868
26.555169,0.011712,,,,,,,,,,4.000000,333.525444,"Device","Device","Tesla V100-PCIE-32GB (0)","1","16","[CUDA memcpy DtoD]",3870
26.555182,0.334333,,,,,,,,,,4.000000,11.683711,"Device","Pageable","Tesla V100-PCIE-32GB (0)","1","16","[CUDA memcpy DtoH]",3871
26.684221,3.184485,,,,,,,,,,32.000000,9.813204,"Pageable","Device","Tesla V100-PCIE-32GB (0)","1","16","[CUDA memcpy HtoD]",3881
26.687409,2.978503,,,,,,,,,,32.000000,10.491848,"Pageable","Device","Tesla V100-PCIE-32GB (0)","1","17","[CUDA memcpy HtoD]",3882
26.690397,0.060223,32,1024,1,32,1,1,16,0.000000,0,,,,,"Tesla V100-PCIE-32GB (0)","1","16","initialize_matmul_result_1_0_1(float*, int, int)",3885
26.690459,2.022640,8,32,1,128,1,1,112,10.000000,0,,,,,"Tesla V100-PCIE-32GB (0)","1","16","Thread_block_grid_1_1_3(float const *, float const *, float*, int, int, int)",3886
26.692508,0.011456,,,,,,,,,,4.000000,340.978527,"Device","Device","Tesla V100-PCIE-32GB (0)","1","16","[CUDA memcpy DtoD]",3888
26.692521,0.330109,,,,,,,,,,4.000000,11.833213,"Device","Pageable","Tesla V100-PCIE-32GB (0)","1","16","[CUDA memcpy DtoH]",3889
26.822374,3.149414,,,,,,,,,,32.000000,9.922481,"Pageable","Device","Tesla V100-PCIE-32GB (0)","1","16","[CUDA memcpy HtoD]",3899
26.825527,2.733897,,,,,,,,,,32.000000,11.430570,"Pageable","Device","Tesla V100-PCIE-32GB (0)","1","17","[CUDA memcpy HtoD]",3900
26.828270,0.060256,32,1024,1,32,1,1,16,0.000000,0,,,,,"Tesla V100-PCIE-32GB (0)","1","16","initialize_matmul_result_1_0_1(float*, int, int)",3903
26.828331,2.017071,8,32,1,128,1,1,112,10.000000,0,,,,,"Tesla V100-PCIE-32GB (0)","1","16","Thread_block_grid_1_1_3(float const *, float const *, float*, int, int, int)",3904
26.830374,0.011968,,,,,,,,,,4.000000,326.391210,"Device","Device","Tesla V100-PCIE-32GB (0)","1","16","[CUDA memcpy DtoD]",3906
26.830387,0.335870,,,,,,,,,,4.000000,11.630244,"Device","Pageable","Tesla V100-PCIE-32GB (0)","1","16","[CUDA memcpy DtoH]",3907
26.959268,3.175493,,,,,,,,,,32.000000,9.840992,"Pageable","Device","Tesla V100-PCIE-32GB (0)","1","16","[CUDA memcpy HtoD]",3917
26.962447,2.841352,,,,,,,,,,32.000000,10.998285,"Pageable","Device","Tesla V100-PCIE-32GB (0)","1","17","[CUDA memcpy HtoD]",3918
26.965297,0.060576,32,1024,1,32,1,1,16,0.000000,0,,,,,"Tesla V100-PCIE-32GB (0)","1","16","initialize_matmul_result_1_0_1(float*, int, int)",3921
26.965359,2.017647,8,32,1,128,1,1,112,10.000000,0,,,,,"Tesla V100-PCIE-32GB (0)","1","16","Thread_block_grid_1_1_3(float const *, float const *, float*, int, int, int)",3922
26.967400,0.011712,,,,,,,,,,4.000000,333.525444,"Device","Device","Tesla V100-PCIE-32GB (0)","1","16","[CUDA memcpy DtoD]",3924
26.967415,0.333597,,,,,,,,,,4.000000,11.709488,"Device","Pageable","Tesla V100-PCIE-32GB (0)","1","16","[CUDA memcpy DtoH]",3925
27.097020,2.757385,,,,,,,,,,32.000000,11.333202,"Pageable","Device","Tesla V100-PCIE-32GB (0)","1","16","[CUDA memcpy HtoD]",3935
27.099781,2.737449,,,,,,,,,,32.000000,11.415738,"Pageable","Device","Tesla V100-PCIE-32GB (0)","1","17","[CUDA memcpy HtoD]",3936
27.102530,0.060223,32,1024,1,32,1,1,16,0.000000,0,,,,,"Tesla V100-PCIE-32GB (0)","1","16","initialize_matmul_result_1_0_1(float*, int, int)",3939
27.102591,2.020015,8,32,1,128,1,1,112,10.000000,0,,,,,"Tesla V100-PCIE-32GB (0)","1","16","Thread_block_grid_1_1_3(float const *, float const *, float*, int, int, int)",3940
27.104636,0.012032,,,,,,,,,,4.000000,324.655086,"Device","Device","Tesla V100-PCIE-32GB (0)","1","16","[CUDA memcpy DtoD]",3942
27.104651,0.333149,,,,,,,,,,4.000000,11.725234,"Device","Pageable","Tesla V100-PCIE-32GB (0)","1","16","[CUDA memcpy DtoH]",3943
27.234013,2.766121,,,,,,,,,,32.000000,11.297409,"Pageable","Device","Tesla V100-PCIE-32GB (0)","1","16","[CUDA memcpy HtoD]",3953
27.236783,2.954823,,,,,,,,,,32.000000,10.575930,"Pageable","Device","Tesla V100-PCIE-32GB (0)","1","17","[CUDA memcpy HtoD]",3954
27.239747,0.060288,32,1024,1,32,1,1,16,0.000000,0,,,,,"Tesla V100-PCIE-32GB (0)","1","16","initialize_matmul_result_1_0_1(float*, int, int)",3957
27.239808,2.022159,8,32,1,128,1,1,112,10.000000,0,,,,,"Tesla V100-PCIE-32GB (0)","1","16","Thread_block_grid_1_1_3(float const *, float const *, float*, int, int, int)",3958
27.241856,0.012096,,,,,,,,,,4.000000,322.937335,"Device","Device","Tesla V100-PCIE-32GB (0)","1","16","[CUDA memcpy DtoD]",3960
27.241870,0.354461,,,,,,,,,,4.000000,11.020253,"Device","Pageable","Tesla V100-PCIE-32GB (0)","1","16","[CUDA memcpy DtoH]",3961
27.369946,2.761865,,,,,,,,,,32.000000,11.314818,"Pageable","Device","Tesla V100-PCIE-32GB (0)","1","16","[CUDA memcpy HtoD]",3971
27.372711,2.732938,,,,,,,,,,32.000000,11.434581,"Pageable","Device","Tesla V100-PCIE-32GB (0)","1","17","[CUDA memcpy HtoD]",3972
27.375451,0.060288,32,1024,1,32,1,1,16,0.000000,0,,,,,"Tesla V100-PCIE-32GB (0)","1","16","initialize_matmul_result_1_0_1(float*, int, int)",3975
27.375512,2.018383,8,32,1,128,1,1,112,10.000000,0,,,,,"Tesla V100-PCIE-32GB (0)","1","16","Thread_block_grid_1_1_3(float const *, float const *, float*, int, int, int)",3976
27.377554,0.011968,,,,,,,,,,4.000000,326.391210,"Device","Device","Tesla V100-PCIE-32GB (0)","1","16","[CUDA memcpy DtoD]",3978
27.377568,0.334109,,,,,,,,,,4.000000,11.691544,"Device","Pageable","Tesla V100-PCIE-32GB (0)","1","16","[CUDA memcpy DtoH]",3979
27.507222,2.793160,,,,,,,,,,32.000000,11.188045,"Pageable","Device","Tesla V100-PCIE-32GB (0)","1","16","[CUDA memcpy HtoD]",3989
27.510025,2.742025,,,,,,,,,,32.000000,11.396687,"Pageable","Device","Tesla V100-PCIE-32GB (0)","1","17","[CUDA memcpy HtoD]",3990
27.512771,0.060288,32,1024,1,32,1,1,16,0.000000,0,,,,,"Tesla V100-PCIE-32GB (0)","1","16","initialize_matmul_result_1_0_1(float*, int, int)",3993
27.512832,2.021551,8,32,1,128,1,1,112,10.000000,0,,,,,"Tesla V100-PCIE-32GB (0)","1","16","Thread_block_grid_1_1_3(float const *, float const *, float*, int, int, int)",3994
27.514877,0.011424,,,,,,,,,,4.000000,341.933648,"Device","Device","Tesla V100-PCIE-32GB (0)","1","16","[CUDA memcpy DtoD]",3996
27.514893,0.336029,,,,,,,,,,4.000000,11.624741,"Device","Pageable","Tesla V100-PCIE-32GB (0)","1","16","[CUDA memcpy DtoH]",3997
27.652617,2.736553,,,,,,,,,,32.000000,11.419476,"Pageable","Device","Tesla V100-PCIE-32GB (0)","1","16","[CUDA memcpy HtoD]",4007
27.655371,2.981543,,,,,,,,,,32.000000,10.481150,"Pageable","Device","Tesla V100-PCIE-32GB (0)","1","17","[CUDA memcpy HtoD]",4008
27.658381,0.060383,32,1024,1,32,1,1,16,0.000000,0,,,,,"Tesla V100-PCIE-32GB (0)","1","16","initialize_matmul_result_1_0_1(float*, int, int)",4011
27.658443,2.016911,8,32,1,128,1,1,112,10.000000,0,,,,,"Tesla V100-PCIE-32GB (0)","1","16","Thread_block_grid_1_1_3(float const *, float const *, float*, int, int, int)",4012
27.660485,0.012288,,,,,,,,,,4.000000,317.891439,"Device","Device","Tesla V100-PCIE-32GB (0)","1","16","[CUDA memcpy DtoD]",4014
27.660500,0.338077,,,,,,,,,,4.000000,11.554320,"Device","Pageable","Tesla V100-PCIE-32GB (0)","1","16","[CUDA memcpy DtoH]",4015
27.793451,3.374660,,,,,,,,,,32.000000,9.260192,"Pageable","Device","Tesla V100-PCIE-32GB (0)","1","16","[CUDA memcpy HtoD]",4025
27.796830,2.734249,,,,,,,,,,32.000000,11.429098,"Pageable","Device","Tesla V100-PCIE-32GB (0)","1","17","[CUDA memcpy HtoD]",4026
27.799568,0.060320,32,1024,1,32,1,1,16,0.000000,0,,,,,"Tesla V100-PCIE-32GB (0)","1","16","initialize_matmul_result_1_0_1(float*, int, int)",4029
27.799629,2.016559,8,32,1,128,1,1,112,10.000000,0,,,,,"Tesla V100-PCIE-32GB (0)","1","16","Thread_block_grid_1_1_3(float const *, float const *, float*, int, int, int)",4030
27.801672,0.012191,,,,,,,,,,4.000000,320.420802,"Device","Device","Tesla V100-PCIE-32GB (0)","1","16","[CUDA memcpy DtoD]",4032
27.801689,0.365821,,,,,,,,,,4.000000,10.678037,"Device","Pageable","Tesla V100-PCIE-32GB (0)","1","16","[CUDA memcpy DtoH]",4033
